  
     -0.23066062      -0.34168673      -0.12409623 
     -0.30063769      -0.41785366      -0.14958630 
     -0.29521993      -0.43180604      -0.15888693 
     -0.25781120      -0.39607592      -0.13096227 
     -0.21042532      -0.32769798     -0.083175518 
     -0.16394539      -0.27165302     -0.054180290 
     -0.12329618      -0.21379841     -0.024175890 
    -0.090186243      -0.16974178    -0.0055823441 
    -0.064625034      -0.13990085     0.0060678155 
    -0.045787482      -0.11067764      0.018405380 
    -0.032511769     -0.084322715      0.031123986 
    -0.023581413     -0.067930758      0.032681055 
    -0.017876465     -0.057387651      0.030844568 
    -0.014444338     -0.050711227      0.026079868 
    -0.012521842     -0.044830555      0.021845128 
    -0.011528831     -0.038684587      0.019150873 
    -0.011046787     -0.035899025      0.014836180 
    -0.010790966     -0.030744051      0.014169282 
    -0.010581498     -0.030828894     0.0088753085 
    -0.010316620     -0.027462590     0.0074312937 
    
    -0.044111023     -0.075815696     -0.011395612 
    -0.071344881      -0.12635389     -0.017993749 
    -0.083221618      -0.15227871     -0.019193664 
    -0.083314160      -0.15273420     -0.013664886 
    -0.075506932      -0.14630886     -0.013990840 
    -0.063217202      -0.12218900    -0.0047919806 
    -0.049113161     -0.099288901    0.00053978950 
    -0.035084249     -0.078757374     0.0033941173 
    -0.022331194     -0.055399400      0.010805192 
    -0.011502748     -0.037867245      0.014513900 
   -0.0028393557     -0.023179399      0.018549501 
    0.0036967128     -0.012622948      0.020763483 
    0.0083137580    -0.0046946379      0.023140026 
     0.011307895   -0.00033534804      0.024108745 
     0.013003682     0.0029797211      0.025281204 
     0.013714792     0.0037153924      0.024249676 
     0.013720701     0.0035817655      0.023527628 
     0.013255371     0.0039122496      0.023094756 
     0.012504342     0.0035831224      0.022074985 
     0.011607247     0.0027320080      0.020291408 
   
    -0.029177931      -0.11898963     0.0025699935 
    -0.041166128      -0.15986445     0.0029946177 
    -0.043050254      -0.15147248     0.0088795579 
    -0.039662255      -0.13100942     0.0044304925 
    -0.034140900     -0.098413112     0.0057818049 
    -0.028387309     -0.075254338     0.0020461827 
    -0.023429667     -0.053263267     0.0017564321 
    -0.019708674     -0.043841992    0.00054697691 
    -0.017294441     -0.041407850     0.0034387419 
    -0.016045334     -0.041674723     0.0049477603 
    -0.015719120     -0.040117390     0.0074865382 
    -0.016046253     -0.035375790      0.011280435 
    -0.016774284     -0.038627913     0.0054066818 
    -0.017691249     -0.035970763     0.0046577167 
    -0.018634546     -0.036864927    0.00030715209 
    -0.019490546     -0.035830171    -0.0023852975 
    -0.020188852     -0.035938603    -0.0050483638 
    -0.020694082     -0.034633719    -0.0047975810 
    -0.020997075     -0.034486797    -0.0058742504 
    -0.021106701     -0.034720465    -0.0064786311 
    
     -0.32501223      -0.50956438      -0.16696243 
     -0.49052823      -0.76955353      -0.22104804 
     -0.54846211      -0.87733580      -0.22899677 
     -0.53812080      -0.87336345      -0.20145549 
     -0.48827171      -0.79449613      -0.15443556 
     -0.41914396      -0.69389590      -0.11646011 
     -0.34426870      -0.58648798     -0.079912536 
     -0.27209909      -0.49607130     -0.050536800 
     -0.20738117      -0.40002857    -0.0056979930 
     -0.15227164      -0.32062393      0.030890053 
     -0.10721672      -0.25397343      0.058701314 
    -0.071617267      -0.19010294      0.083830601 
    -0.044311831      -0.15959302      0.085778753 
    -0.023910810      -0.13185752      0.090017865 
   -0.0090136223      -0.10513776      0.095553597 
    0.0016622238     -0.080926166      0.097932275 
    0.0092155785     -0.070865401      0.087758613 
     0.014539476     -0.055854489      0.084179491 
     0.018326615     -0.042466002      0.081706443 
     0.021090709     -0.033277767      0.074628656 
      
     -0.25994177      -0.38833630     -0.049064424 
     -0.31618311      -0.47906591      -0.10021474 
     -0.28884576      -0.42809240      -0.10507780 
     -0.23374172      -0.35970906      -0.10395993 
     -0.17609994      -0.28192565     -0.071267123 
     -0.12631827      -0.21098704     -0.034474346 
    -0.087604253      -0.15898209     -0.010964877 
    -0.059794848      -0.12509200     0.0046649964 
    -0.041301215      -0.10551375      0.013494428 
    -0.030098190     -0.084284478      0.024150547 
    -0.024211761     -0.073773493      0.024750412 
    -0.021937290     -0.065145948      0.023514289 
    -0.021912910     -0.057851263      0.021852723 
    -0.023116972     -0.056595537      0.013932614 
    -0.024828623     -0.054931906     0.0078359123 
    -0.026573850     -0.055295821     0.0010034085 
    -0.028069552     -0.052442484   -0.00064597132 
    -0.029172323     -0.052882900    -0.0044993662 
    -0.029835041     -0.051912512    -0.0061157897 
    -0.030072191     -0.052246987    -0.0078454048 
    
      0.98395522       0.96935423       0.99970909 
      0.69920554       0.61596520       0.79162168 
      0.47882592       0.34459264       0.58686342 
      0.31308239       0.19120074       0.43603342 
      0.19241257      0.087649373       0.30114593 
      0.10785781      0.020395752       0.19151682 
     0.051368620     -0.016019117       0.11521985 
     0.015982181     -0.041439149      0.065529306 
   -0.0041134240     -0.054830010      0.034553409 
    -0.013604506     -0.056593273      0.017802211 
    -0.016140205     -0.049896415      0.013526304 
    -0.014459321     -0.043720430      0.010923164 
    -0.010534851     -0.036215782      0.012261099 
   -0.0057204437     -0.028860376      0.013029142 
  -0.00088782028     -0.020426745      0.016277581 
    0.0034514981     -0.012447132      0.019129534 
    0.0070434374    -0.0055941678      0.021993129 
    0.0098082969    -0.0011684808      0.022684433 
     0.011776334     0.0011101716      0.022236341 
     0.013039936     0.0037096384      0.022719701 
    
     -0.16808584      -0.24755109     -0.079850004 
     -0.21890354      -0.32051878      -0.11152828 
     -0.21213513      -0.31785613      -0.10939291 
     -0.18080985      -0.28230176     -0.087348379 
     -0.14186521      -0.23663264     -0.062232840 
     -0.10378054      -0.18209180     -0.034267926 
    -0.070451450      -0.12928672     -0.010018975 
    -0.043264252     -0.093247606     0.0051919045 
    -0.022258093     -0.061707186      0.023999357 
   -0.0067967784     -0.043085111      0.031197861 
    0.0040383427     -0.026217818      0.037559883 
     0.011221912     -0.013832580      0.041279925 
     0.015660621    -0.0087645337      0.039837805 
     0.018133217    -0.0024463355      0.041723515 
     0.019269979    0.00048846658      0.041529957 
     0.019555574     0.0013687498      0.039200947 
     0.019344658     0.0019653415      0.037392148 
     0.018883213     0.0026152992      0.035213680 
     0.018331174     0.0024696997      0.032791854 
     0.017783696     0.0037349235      0.032603867 
  
     -0.17999655      -0.31474804     -0.031597512 
     -0.23896118      -0.43577773     -0.044245100 
     -0.23917470      -0.43159316     -0.026517952 
     -0.21306650      -0.40500593     -0.021379270 
     -0.17756579      -0.34455937    -0.0058192903 
     -0.14139502      -0.28413184    -0.0036456481 
     -0.10877688      -0.22366558    0.00048455750 
    -0.081425265      -0.17150821     0.0048743885 
    -0.059667877      -0.13078429      0.017925526 
    -0.043102408      -0.10622355      0.025451900 
    -0.030987096     -0.087420899      0.028242749 
    -0.022471987     -0.067730272      0.033212313 
    -0.016731045     -0.058091163      0.027727485 
    -0.013031406     -0.051992261      0.021837339 
    -0.010762898     -0.039312684      0.023196530 
   -0.0094431501     -0.035204079      0.018442862 
   -0.0087086019     -0.030427078      0.016047677 
   -0.0082983199     -0.028982765      0.011602507 
   -0.0080351640     -0.026679135     0.0092713618 
   -0.0078071236     -0.024131071     0.0077758931 
    
    -0.028500863     -0.052363914    -0.0054200102 
    -0.045987197     -0.085099773    -0.0094139762 
    -0.053518563     -0.098908888    -0.0093794269 
    -0.053457723      -0.10117972    -0.0090111979 
    -0.048339610     -0.093677468    -0.0066764304 
    -0.040375365     -0.079382800    -0.0031488827 
    -0.031279513     -0.063702072    0.00024095818 
    -0.022258452     -0.048915818     0.0040896472 
    -0.014073694     -0.036518207     0.0066326422 
   -0.0071329362     -0.023674461      0.010575188 
   -0.0015838612     -0.014975036      0.012519175 
    0.0026018960    -0.0086425075      0.013849613 
    0.0055599314    -0.0034787975      0.015440564 
    0.0074805110   -0.00039254032      0.016587785 
    0.0085710921     0.0011270734      0.017190080 
    0.0090316399     0.0015987117      0.016939569 
    0.0090400887     0.0016297816      0.016504480 
    0.0087453545     0.0016583033      0.016162786 
    0.0082656118     0.0013888885      0.015277984 
    0.0076899468     0.0012864042      0.014459864 
     
    -0.022058046     -0.097603458      0.011239500 
    -0.030933209      -0.13657680      0.012630786 
    -0.032036624      -0.13449859      0.015087507 
    -0.029065443      -0.11652752      0.014533305 
    -0.024430667     -0.093365433      0.011129607 
    -0.019602060     -0.066092720      0.011316294 
    -0.015383312     -0.045174849     0.0098358715 
    -0.012127416     -0.034201296     0.0097420033 
   -0.0099007582     -0.029510438      0.010797253 
   -0.0086038714     -0.029276025      0.011566002 
   -0.0080565022     -0.027778095      0.012902304 
   -0.0080542117     -0.027337456      0.012706398 
   -0.0084031201     -0.027578812      0.012099590 
   -0.0089385998     -0.027285091      0.011862721 
   -0.0095327941     -0.028641455      0.010063219 
    -0.010094884     -0.028951755      0.010305192 
    -0.010567111     -0.029301064      0.010515855 
    -0.010918740     -0.029768230      0.010695208 
    -0.011139468     -0.029207787      0.011818134 
    -0.011233191     -0.028864566      0.012106860 
      
     -0.45451541      -0.72796757      -0.21326863 
     -0.68588883       -1.0992459      -0.28415079 
     -0.76673936       -1.2475497      -0.28850444 
     -0.75207800       -1.2491065      -0.27402550 
     -0.68217749       -1.1416811      -0.21477649 
     -0.58536005       -1.0277409      -0.18401858 
     -0.48056709      -0.84819916      -0.11188639 
     -0.37962522      -0.70851711     -0.067247051 
     -0.28916609      -0.57926931     -0.017058221 
     -0.21219339      -0.44615826      0.055439318 
     -0.14931526      -0.36860983      0.079365435 
    -0.099677552      -0.26997803       0.12205402 
    -0.061641416      -0.22557955       0.12243392 
    -0.033251863      -0.19628485       0.11485359 
    -0.012542029      -0.14420485       0.13516821 
    0.0022863701      -0.10812524       0.14349921 
     0.012771768      -0.10021116       0.12191860 
     0.020162367     -0.084089608       0.11454292 
     0.025424500     -0.058327607       0.11676218 
     0.029273165     -0.049215323       0.10374146 
    
     -0.15421308      -0.34057283      0.025748029 
     -0.18310901      -0.43192259      0.012213249 
     -0.16219198      -0.41595698    -0.0074331560 
     -0.12600423      -0.35585997    -0.0091380183 
    -0.089769510      -0.26703267   -0.00031960834 
    -0.059459503      -0.21001990    0.00053616392 
    -0.036646881      -0.15563662     0.0042858172 
    -0.020908645      -0.11197233      0.012175467 
    -0.011032052     -0.086891841      0.013653214 
   -0.0056144043     -0.061105602      0.022500716 
   -0.0033475306     -0.052401081      0.022096302 
   -0.0031358739     -0.045524316      0.021236896 
   -0.0041272453     -0.043285946      0.017624960 
   -0.0056995576     -0.043702358      0.012339186 
   -0.0074276823     -0.044479266     0.0087817113 
   -0.0090438956     -0.046215343     0.0052006185 
    -0.010399204     -0.047116816     0.0033554071 
    -0.011429195     -0.047604100     0.0020912031 
    -0.012125877     -0.047020437     0.0030438524 
    -0.012515727     -0.047552968     0.0025400036 
    
      0.61336460       0.45043730       0.79734701 
      0.43569550       0.31343097       0.57962238 
      0.29826365       0.18458494       0.40957296 
      0.19495629       0.10075224       0.28363803 
      0.11977934      0.049125575       0.19388297 
     0.067125730      0.010457143       0.12088444 
     0.031963914     -0.011055676      0.071413725 
    0.0099464675     -0.023832730      0.042871119 
   -0.0025519073     -0.031374382      0.024518448 
   -0.0084519168     -0.035383073      0.011530197 
    -0.010026178     -0.032382741     0.0071390988 
   -0.0089792585     -0.026971794     0.0069239988 
   -0.0065384046     -0.023624548     0.0065007835 
   -0.0035451754     -0.016176688      0.010010735 
  -0.00054125499     -0.013266529     0.0097461657 
    0.0021556608    -0.0079958376      0.011920159 
    0.0043878780    -0.0044574327      0.012751231 
    0.0061060205   -0.00080051782      0.014297043 
    0.0073289854    0.00064930253      0.014064531 
    0.0081142261     0.0017987032      0.014126629 
    
     -0.11017673      -0.16527293     -0.048884123 
     -0.14379008      -0.21937405     -0.070900987 
     -0.13962905      -0.21579054     -0.063562419 
     -0.11926278      -0.19289142     -0.051786348 
    -0.093791097      -0.15376656     -0.030164744 
    -0.068795421      -0.12056537     -0.017881075 
    -0.046857871     -0.087227935    -0.0063310269 
    -0.028913092     -0.062658989     0.0035038691 
    -0.015007404     -0.042479592      0.015167053 
   -0.0047387564     -0.029174855      0.021297612 
    0.0024851982     -0.016792362      0.025874479 
    0.0072977546     -0.010774136      0.025900744 
     0.010290926    -0.0035270851      0.028648649 
     0.011975200    -0.0010151949      0.028449976 
     0.012765280    0.00023440746      0.026981532 
     0.012981321    0.00057639921      0.025840522 
     0.012858652     0.0012769089      0.025099489 
     0.012561414     0.0016769199      0.023768051 
     0.012197150     0.0018987944      0.023161102 
     0.011830609     0.0013006447      0.021398568 
