    
     -0.49844264      -0.96880295      -0.13344466 
     -0.74667028       -1.4539980      -0.18006459 
     -0.83527563       -1.6356073      -0.17946380 
     -0.82682678       -1.6425011      -0.15812079 
     -0.76354730       -1.5555568      -0.12208342 
     -0.67346975       -1.3912648     -0.087806672 
     -0.57466134       -1.2270610     -0.059776938 
     -0.47820773       -1.0572078     -0.024765193 
     -0.39036354      -0.91417130    -0.0041810381 
     -0.31411630      -0.76793803      0.019453860 
     -0.25032227      -0.64726600      0.034212289 
     -0.19852266      -0.53320356      0.056529019 
     -0.15751919      -0.45488983      0.058120273 
     -0.12576863      -0.38980904      0.062049814 
     -0.10164255      -0.33799563      0.061337976 
    -0.083588336      -0.28639444      0.069464093 
    -0.070219457      -0.25904238      0.057178320 
    -0.060356884      -0.22795453      0.051433177 
    -0.053037925      -0.20238903      0.046427782 
    -0.047504838      -0.18262300      0.040176724 
    
     -0.15300736      -0.34495904     -0.012110635 
     -0.19102694      -0.39536071     -0.018249972 
     -0.19085069      -0.35782752     -0.014363606 
     -0.17345475      -0.31638832     -0.013781425 
     -0.14792817      -0.26050061    -0.0090731554 
     -0.11942812      -0.21233288    -0.0042739230 
    -0.091133352      -0.17271658   -0.00015158262 
    -0.064969920      -0.14521301      0.012897353 
    -0.042004364      -0.11641112      0.031068378 
    -0.022706599     -0.087828392      0.050133407 
   -0.0071408927     -0.059669951      0.067163204 
    0.0048919935     -0.044557029      0.068872066 
     0.013749201     -0.029350209      0.072972870 
     0.019868539     -0.018142074      0.070711477 
     0.023713521    -0.0084734724      0.069202332 
     0.025735863    -0.0013688958      0.067078219 
     0.026351496     0.0030534803      0.063774874 
     0.025926877     0.0028566774      0.057127356 
     0.024772899     0.0026595529      0.052784090 
     0.023144248     0.0022703410      0.048232924 
  
    -0.025820483     -0.095238564      0.048199022 
    -0.045639970      -0.14997157      0.059277564 
    -0.056104853      -0.16903108      0.070855344 
    -0.059630283      -0.17326714      0.074297498 
    -0.058827270      -0.16961123      0.072516334 
    -0.055722022      -0.15882184      0.069675484 
    -0.051732841      -0.14812869      0.062817071 
    -0.047775199      -0.14027438      0.047815380 
    -0.044379308      -0.13484028      0.030560027 
    -0.041795392      -0.12235516      0.022598029 
    -0.040081236      -0.11632636      0.013207460 
    -0.039171753      -0.10275149      0.015506123 
    -0.038932082      -0.10355264      0.010472099 
    -0.039196389      -0.10431380     0.0063984743 
    -0.039794741      -0.10179597     0.0055150182 
    -0.040570409      -0.10270932     0.0035868308 
    -0.041389756      -0.10472582    0.00039703272 
    -0.042146652      -0.10371344  -2.3568951e-005 
    -0.042763027      -0.10290459    -0.0010647242 
    -0.043186917      -0.10345509    -0.0039015550 
   
     -0.51390184      -0.82108688      -0.20228312 
     -0.82544703       -1.3263622      -0.28202963 
     -0.98479987       -1.6189048      -0.30517166 
      -1.0345597       -1.7696972      -0.30727957 
      -1.0094304       -1.7602981      -0.24173588 
     -0.93667620       -1.7307834      -0.19963852 
     -0.83695340       -1.6354944      -0.12889581 
     -0.72529914       -1.5355568     -0.071407801 
     -0.61214822       -1.3856207      0.015675287 
     -0.50429599       -1.2582980      0.063223190 
     -0.40576126       -1.1244873       0.12806017 
     -0.31852644       -1.0004417       0.16472195 
     -0.24314862      -0.82147134       0.24839985 
     -0.17924636      -0.72086841       0.25309586 
     -0.12587336      -0.60941816       0.26231037 
    -0.081794344      -0.50282344       0.26418146 
    -0.045679043      -0.41539094       0.24426618 
    -0.016230806      -0.31000607       0.25913311 
    0.0077355775      -0.25939998       0.22215113 
     0.027253609      -0.21048579       0.19141625 
    
     -0.62957985       -1.3616183     -0.074795804 
     -0.92411368       -2.0379374     -0.094373692 
      -1.0144451       -2.2600417     -0.093216128 
     -0.98634861       -2.2666888      -0.10139956 
     -0.89561189       -2.1129641     -0.087463580 
     -0.77782441       -1.8711808     -0.052136574 
     -0.65488065       -1.6207105     -0.024197492 
     -0.53942375       -1.3726000    -0.0059243035 
     -0.43794048       -1.1373188      0.011670349 
     -0.35293395      -0.92839713      0.019492967 
     -0.28444474      -0.75845148      0.029291678 
     -0.23110262      -0.63188969      0.031806250 
     -0.19083753      -0.53418332      0.027624689 
     -0.16134391      -0.45181019      0.022788949 
     -0.14036819      -0.38568623      0.027587700 
     -0.12587224      -0.34242719      0.019874624 
     -0.11611175      -0.31456852      0.012949522 
     -0.10965897      -0.29241560     0.0062961744 
     -0.10539076      -0.27773799    -0.0022025608 
     -0.10245713      -0.26458705    -0.0053640560 
 
      0.97871256       0.95858864       0.99849061 
      0.77932249       0.69658442       0.87673526 
      0.60172681       0.46717427       0.74857124 
      0.45171422       0.27545951       0.61322805 
      0.32967948       0.15240931       0.50545918 
      0.23362803      0.065347524       0.41075510 
      0.16043446    0.00099818725       0.32238679 
      0.10653742     -0.028573281       0.26374490 
     0.068361041     -0.050920073       0.21388792 
     0.042568434     -0.061430037       0.17403102 
     0.026202038     -0.061715774       0.14591591 
     0.016746344     -0.064397700       0.11830906 
     0.012138126     -0.058913727       0.10232237 
     0.010742774     -0.051771421      0.089820187 
     0.011310473     -0.042554117      0.081502794 
     0.012922258     -0.034788940      0.073743971 
     0.014933060     -0.026303589      0.067756093 
     0.016916546     -0.017509789      0.062820392 
     0.018614786    -0.0063568797      0.062465182 
     0.019894395    -0.0037174003      0.054828213 
    
     -0.32319980      -0.60989288     -0.097041501 
     -0.48155487      -0.92675840      -0.14109193 
     -0.53187705       -1.0399296      -0.14009769 
     -0.51724819       -1.0361008      -0.12019930 
     -0.46656428      -0.94838374     -0.087087426 
     -0.39892654      -0.84466437     -0.061560336 
     -0.32658680      -0.72269504     -0.031676900 
     -0.25700733      -0.60463940    -0.0016392752 
     -0.19433965      -0.48786041      0.031417109 
     -0.14049915      -0.39280568      0.049860637 
    -0.095945913      -0.31388879      0.063827863 
    -0.060246585      -0.24159155      0.079740157 
    -0.032471019      -0.18252909      0.089006463 
    -0.011464308      -0.13829219      0.094446555 
    0.0039742995     -0.098413058       0.10202303 
     0.014980905     -0.083409485      0.087398799 
     0.022565563     -0.067114584      0.083418602 
     0.027584962     -0.039768303      0.091572477 
     0.030737723     -0.032070236      0.089900306 
     0.032573743     -0.018524980      0.093272161 
      
     -0.68952935       -1.0484946      -0.18643993 
      -1.0206032       -1.5041064      -0.29460858 
      -1.1282668       -1.6721956      -0.34746980 
      -1.1031703       -1.6146437      -0.27670130 
      -1.0051277       -1.5191764      -0.25221879 
     -0.87316037       -1.3310706      -0.15840492 
     -0.73203482       -1.1805336      -0.11176929 
     -0.59669293       -1.0550993     -0.070857777 
     -0.47535307      -0.88711654     -0.012056465 
     -0.37172308      -0.74839586      0.037955073 
     -0.28659023      -0.64804451      0.070651973 
     -0.21895812      -0.55412550      0.099047113 
     -0.16684735      -0.47256046       0.12287049 
     -0.12784462      -0.40786405       0.13108093 
    -0.099464196      -0.35079362       0.13717023 
    -0.079371418      -0.30243493       0.12897824 
    -0.065506572      -0.26394622       0.12298904 
    -0.056139305      -0.23508882       0.10999827 
    -0.049876525      -0.19635008       0.10968275 
    -0.045641201      -0.18517813      0.083421802 
    
    -0.093469423      -0.20668665    -0.0055630677 
     -0.11712665      -0.23797607    -0.0091385783 
     -0.11732916      -0.22476356    -0.0095145501 
     -0.10686808      -0.19457034    -0.0069748359 
    -0.091331728      -0.16464661    -0.0046520372 
    -0.073906540      -0.13879987    -0.0020609814 
    -0.056562701      -0.11699242  -7.2741977e-005 
    -0.040497233     -0.095830674     0.0088361490 
    -0.026375467     -0.072963857      0.022277754 
    -0.014493219     -0.053258583      0.032339727 
   -0.0048949411     -0.038491977      0.037871696 
    0.0025382595     -0.026094978      0.040344174 
    0.0080232321     -0.016703689      0.041481886 
     0.011827007    -0.0090693740      0.042995207 
     0.014232848    -0.0050685556      0.040428046 
     0.015517116    -0.0011682290      0.038581115 
     0.015934497    0.00055865208      0.036182569 
     0.015709558    0.00073883206      0.033805425 
     0.015032990    0.00078610876      0.031256978 
     0.014061177     0.0010386477      0.028937254 
    
    0.0076838368     -0.030316024      0.057009719 
    0.0080386780     -0.054442945      0.083954956 
    0.0062107473     -0.074131823      0.093317844 
    0.0034458077     -0.086986148      0.091053906 
   0.00026263154     -0.093820767      0.082575980 
   -0.0030236233     -0.087481126      0.079065412 
   -0.0062007038     -0.082342550      0.073272208 
   -0.0091308983     -0.086872815      0.055953376 
    -0.011734967     -0.074905519      0.055137175 
    -0.013978341     -0.076746869      0.041158448 
    -0.015858598     -0.073420915      0.036079963 
    -0.017394630     -0.071558601      0.030814151 
    -0.018617825     -0.071015726      0.027517052 
    -0.019565354     -0.067337399      0.028911869 
    -0.020275380     -0.074486020      0.022802944 
    -0.020783957     -0.075107782      0.021974660 
    -0.021123244     -0.073423425      0.024158747 
    -0.021320734     -0.077560966      0.020724212 
    -0.021399174     -0.074367508      0.025465662 
    -0.021376942     -0.073786946      0.026086528 
    
     -0.55080352      -0.92201781      -0.12698278 
     -0.88359909       -1.5318226      -0.21881524 
      -1.0528447       -1.8309825      -0.21490101 
      -1.1046398       -1.9586262      -0.21332941 
      -1.0764106       -1.9898243      -0.17601514 
     -0.99746188       -1.9258087      -0.14007056 
     -0.88992544       -1.8070293     -0.082641816 
     -0.76986492       -1.6402135     -0.028484232 
     -0.64839646       -1.4845155      0.016974467 
     -0.53273958       -1.3193517      0.081352063 
     -0.42715153       -1.1733035       0.13170667 
     -0.33372336       -1.0286289       0.16678418 
     -0.25303380      -0.85851787       0.22174119 
     -0.18466751      -0.73469861       0.24084953 
     -0.12761168      -0.58597579       0.28607555 
    -0.080547747      -0.48874169       0.26879943 
    -0.042056266      -0.39021562       0.26590749 
    -0.010752500      -0.28721959       0.27027765 
     0.014631440      -0.23834401       0.22519694 
     0.035203938      -0.15556288       0.23037785 
    
     0.057410285      -0.11950343       0.29786935 
     0.080926516      -0.18498629       0.42009854 
     0.085390415      -0.18927072       0.44301373 
     0.079793671      -0.20535285       0.37556444 
     0.069566640      -0.13896578       0.35762011 
     0.057925711      -0.12820999       0.28560540 
     0.046690191      -0.11912369       0.20670704 
     0.036794879      -0.10934063       0.14079845 
     0.028621283     -0.071316278       0.11965561 
     0.022215904     -0.065502588      0.082449064 
     0.017435210     -0.049918774      0.067637403 
     0.014041317     -0.035775338      0.059048092 
     0.011763746     -0.029105835      0.049281554 
     0.010337558     -0.023074630      0.043327852 
    0.0095250559     -0.019659108      0.038799771 
    0.0091262490     -0.017858116      0.035372594 
    0.0089818411     -0.018290676      0.032739607 
    0.0089715276     -0.018649616      0.032025123 
    0.0090095945     -0.021134635      0.030501950 
    0.0090392419     -0.024018172      0.029041839 
    
      0.62357682       0.45394404       0.79517236 
      0.49632273       0.33904719       0.63539725 
      0.38306349       0.23477252       0.51352612 
      0.28741712       0.14796670       0.41296301 
      0.20961358      0.079858698       0.33216949 
      0.14837758      0.031727180       0.26166639 
      0.10171881    0.00075590718       0.21215745 
     0.067369840     -0.018980364       0.17014809 
     0.043052818     -0.036054766       0.13436738 
     0.026640549     -0.038883937       0.11426037 
     0.016246218     -0.046740954      0.087687692 
     0.010263839     -0.044867577      0.074975914 
    0.0073753116     -0.041892784      0.064603343 
    0.0065357720     -0.035649635      0.057641386 
    0.0069459876     -0.028448808      0.051954097 
    0.0080181623     -0.022403057      0.047216748 
    0.0093397110     -0.016554778      0.043291027 
     0.010638091     -0.010418818      0.040801728 
     0.011748644    -0.0050590062      0.038629233 
     0.012586547    -0.0031409400      0.033920753 
    
     -0.12720627      -0.33312036     0.0049633681 
     -0.19082612      -0.50800989      0.010324988 
     -0.21245690      -0.57537256     0.0078039173 
     -0.20858118      -0.56946106     0.0083182781 
     -0.19028526      -0.51612293      0.022232814 
     -0.16493252      -0.46399798      0.017280249 
     -0.13728175      -0.39697865      0.010880072 
     -0.11026856      -0.33513633     0.0066882402 
    -0.085565714      -0.27469942     0.0095922382 
    -0.063989818      -0.21959322      0.018749737 
    -0.045796233      -0.16972131      0.028367446 
    -0.030891058      -0.13293357      0.031568817 
    -0.018980773     -0.098240467      0.040587697 
   -0.0096751085     -0.078530251      0.039926694 
   -0.0025551320     -0.057297201      0.043626500 
    0.0027841383     -0.043127379      0.043732140 
    0.0067093580     -0.029284972      0.049383234 
    0.0095371521     -0.028369315      0.039864898 
     0.011530863     -0.018051020      0.044349346 
     0.012902609     -0.013566428      0.044280788 
      
     -0.69219242       -1.0428824      -0.17911352 
      -1.0245431       -1.5186790      -0.30076270 
      -1.1326231       -1.6418299      -0.31508805 
      -1.1074332       -1.6265435      -0.27804082 
      -1.0090174       -1.5224819      -0.24766357 
     -0.87654684       -1.3362874      -0.15873987 
     -0.73488253       -1.1823255      -0.11092023 
     -0.59902321       -1.0432676     -0.060009523 
     -0.47721846      -0.88123374    -0.0033427954 
     -0.37319021      -0.75160424      0.037963289 
     -0.28772874      -0.65209672      0.070704731 
     -0.21983403      -0.55577788      0.099780610 
     -0.16751933      -0.47747844       0.11905299 
     -0.12836240      -0.40785961       0.13141541 
    -0.099868306      -0.34789215       0.14103505 
    -0.079693702      -0.30363156       0.13043119 
    -0.065771217      -0.26508610       0.12377737 
    -0.056364035      -0.23468576       0.11128873 
    -0.050073832      -0.19600967       0.11150964 
    -0.045819490      -0.18436077      0.083493367 
    
    -0.087943230      -0.19119332    -0.0034091544 
     -0.11009768      -0.21920267    -0.0049314815 
     -0.11029688      -0.20861494    -0.0074366625 
     -0.10050494      -0.18760883    -0.0055523967 
    -0.085938826      -0.15891573    -0.0040693845 
    -0.069582877      -0.13132017    -0.0015341806 
    -0.053289654      -0.10635519     0.0038215012 
    -0.038188915     -0.090252150     0.0092875775 
    -0.024911052     -0.070807881      0.018587389 
    -0.013738037     -0.054407046      0.025617522 
   -0.0047140449     -0.038742011      0.032565946 
    0.0022717191     -0.027051114      0.035633358 
    0.0074232266     -0.016158516      0.037833449 
     0.010992322    -0.0077673851      0.039160084 
     0.013246445    -0.0054661496      0.035722156 
     0.014446592    -0.0015471601      0.034258770 
     0.014833225   8.0006771e-006      0.032197225 
     0.014618222     0.0011155943      0.031028397 
     0.013981299     0.0011689914      0.028958947 
     0.013069613    0.00091598239      0.026599995 
    
    0.0094899235     -0.055261213      0.082195863 
    0.0074761212     -0.098821782       0.11437183 
    0.0030977083      -0.11777516       0.14469712 
   -0.0018826261      -0.14943079       0.13655954 
   -0.0069562877      -0.14707683       0.14075700 
    -0.011881569      -0.14684803       0.12624643 
    -0.016507613      -0.15127925       0.10373090 
    -0.020738013      -0.14484685      0.090668135 
    -0.024518403      -0.14112748      0.070705978 
    -0.027827513      -0.13412169      0.061941740 
    -0.030668744      -0.13497925      0.049292775 
    -0.033062440      -0.13242954      0.041502558 
    -0.035039324      -0.12297261      0.042846679 
    -0.036635333      -0.12979893      0.033384777 
    -0.037887848      -0.12900246      0.033021087 
    -0.038833176      -0.12654236      0.034850068 
    -0.039505062      -0.13039872      0.032223192 
    -0.039933964      -0.12956185      0.035390921 
    -0.040146887      -0.12815212      0.037457290 
    -0.040167560      -0.12864273      0.036513400 
   
     -0.78873250       -1.3935092      -0.15743722 
      -1.2636175       -2.2773029      -0.25350195 
      -1.5035959       -2.7316882      -0.25138388 
      -1.5753150       -2.9523019      -0.26144810 
      -1.5327440       -2.9842785      -0.24351815 
      -1.4180329       -2.8800721      -0.19244189 
      -1.2629305       -2.5941040     -0.062692741 
      -1.0904162       -2.3351201    -0.0049779659 
     -0.91633980       -2.1049950      0.041061432 
     -0.75095278       -1.8084861       0.18730343 
     -0.60026224       -1.6375781       0.21147678 
     -0.46718088       -1.3895718       0.30874098 
     -0.35246790       -1.1801295       0.35719998 
     -0.25547277       -1.0596014       0.30738909 
     -0.17470250      -0.85405690       0.34009188 
     -0.10823768      -0.66810174       0.37037888 
    -0.054023849      -0.54206753       0.34916603 
    -0.010063502      -0.44219859       0.32805553 
     0.025468128      -0.34568737       0.30510129 
     0.054163536      -0.23440193       0.31858006 
 
     0.074681592      -0.12934237       0.31410576 
      0.10621335      -0.16773751       0.46693242 
      0.11309475      -0.16514339       0.48392560 
      0.10668886      -0.15362723       0.45029458 
     0.093961833      -0.14471014       0.38517012 
     0.079107317      -0.13789449       0.30658075 
     0.064543645     -0.098550349       0.26372945 
     0.051548848     -0.085989747       0.20395984 
     0.040677210     -0.076224378       0.15025172 
     0.032037702     -0.049710776       0.13085124 
     0.025481310     -0.038717283       0.10555543 
     0.020726188     -0.032347880      0.084319180 
     0.017439442     -0.028542516      0.067611440 
     0.015288377     -0.025994526      0.054319430 
     0.013970305     -0.018652988      0.052918719 
     0.013227531     -0.018454049      0.048206794 
     0.012852411     -0.022801942      0.040994270 
     0.012686077     -0.026005387      0.037449495 
     0.012613468     -0.025796896      0.037455164 
     0.012556511     -0.025126978      0.039742289 
    
      0.42235477       0.31864833       0.52700051 
      0.33615191       0.25095194       0.42718434 
      0.25943297       0.17357486       0.34749459 
      0.19465085       0.10921567       0.27756171 
      0.14195876      0.058299914       0.21958364 
      0.10049002      0.023895154       0.17536661 
     0.068894369    0.00044243817       0.14049706 
     0.045634764     -0.013485826       0.11318201 
     0.029167847     -0.024235208      0.089703096 
     0.018052837     -0.028611959      0.073679398 
     0.011012080     -0.030043916      0.061627597 
    0.0069582955     -0.028395476      0.052898455 
    0.0049992230     -0.027264290      0.043826974 
    0.0044276366     -0.023566394      0.038645067 
    0.0047025971     -0.021071479      0.033293522 
    0.0054262741     -0.017340857      0.029299909 
    0.0063194074     -0.012819053      0.027631843 
    0.0071974950    -0.0072508411      0.027167767 
    0.0079490291    -0.0039702213      0.025243764 
    0.0085165109    -0.0018857112      0.022997219 
     
     -0.15665916      -0.41948617      0.010868951 
     -0.23518271      -0.62771838      0.016848447 
     -0.26206966      -0.71177593      0.018680613 
     -0.25754478      -0.71586402      0.013223620 
     -0.23522406      -0.66878502      0.010117403 
     -0.20416006      -0.58148173      0.018272617 
     -0.17020983      -0.49995775      0.011205507 
     -0.13699176      -0.41722978     0.0094962767 
     -0.10657268      -0.33655283      0.016478702 
    -0.079966669      -0.27243327      0.023097340 
    -0.057497133      -0.21136971      0.033244733 
    -0.039057055      -0.15793782      0.044896911 
    -0.024292765      -0.12641973      0.045874992 
    -0.012730323     -0.094963589      0.053446970 
   -0.0038592295     -0.076513855      0.049412897 
    0.0028151211     -0.055616165      0.052064206 
    0.0077413463     -0.034956130      0.062453010 
     0.011307528     -0.032552430      0.055412866 
     0.013837038     -0.025754489      0.053012317 
     0.015590892     -0.014368258      0.057032781 
    
     -0.38727865       -1.0313653       0.31665521 
     -0.63824957       -1.5053129       0.19247484 
     -0.73639608       -1.6499471       0.16571320 
     -0.73881675       -1.6893135      0.070050625 
     -0.68522594       -1.5626683      0.077578137 
     -0.60260555       -1.4340390      0.041965752 
     -0.50881442       -1.2639717      0.056597691 
     -0.41519227       -1.0350548       0.11000479 
     -0.32845596      -0.92187044      0.065560764 
     -0.25210177      -0.76718247      0.092703270 
     -0.18744860      -0.61236070       0.12998239 
     -0.13441098      -0.47440051       0.18272559 
    -0.092063468      -0.39035789       0.18170218 
    -0.059043001      -0.31547285       0.20677579 
    -0.033825738      -0.29922535       0.17408996 
    -0.014907946      -0.24777132       0.16411958 
  -0.00091509973      -0.19601580       0.17210398 
    0.0093411709      -0.17048713       0.17120647 
     0.016842550      -0.14239784       0.17373244 
     0.022367588      -0.14127094       0.16372108 
   
     0.052070634      -0.42063135       0.55072498 
   -0.0086819193      -0.55576133       0.52248074 
    -0.048301468      -0.59451293       0.46903827 
    -0.070951980      -0.60307567       0.38897293 
    -0.080916324      -0.52104678       0.37529575 
    -0.081842561      -0.46951254       0.31955689 
    -0.076681378      -0.43624655       0.23816527 
    -0.067741403      -0.36356711       0.21279386 
    -0.056768881      -0.30178381       0.19276391 
    -0.045033319      -0.24940573       0.16763991 
    -0.033412703      -0.23430340       0.11851086 
    -0.022474091      -0.17725992       0.13332700 
    -0.012546545      -0.14721673       0.12064567 
   -0.0037844318      -0.12343484       0.11708010 
    0.0037797716      -0.10063661       0.12116086 
     0.010193127      -0.10053206       0.10226953 
     0.015549641     -0.081208524       0.10543237 
     0.019966292     -0.059480742       0.11895615 
     0.023566316     -0.055491660       0.11368488 
     0.026468349     -0.051362878       0.11851611 
 
      0.18233691      -0.18650611       0.50921743 
      0.16738445      -0.15965948       0.57133036 
      0.14080837      -0.23348709       0.46291430 
      0.11208836      -0.20617631       0.40953418 
     0.085271484      -0.17647532       0.36103871 
     0.062136845      -0.18832436       0.26772190 
     0.043280882      -0.15890474       0.22831068 
     0.028646998      -0.14367725       0.18275480 
     0.017832838      -0.13979133       0.13386671 
     0.010278670      -0.12603195       0.10312907 
    0.0053824421      -0.11729408      0.076254991 
    0.0025671730      -0.10615413      0.062514490 
    0.0013170143     -0.093812012      0.057157179 
    0.0011930069     -0.079909130      0.056291623 
    0.0018361142     -0.070854470      0.056418541 
    0.0029627421     -0.064679842      0.054075808 
    0.0043562718     -0.055461561      0.059820104 
    0.0058569317     -0.050511216      0.061158378 
    0.0073514781     -0.050427862      0.061261116 
    0.0087635515     -0.045018546      0.069676545 
   
      0.12646097      -0.21723951       0.46702517 
      0.11620426      -0.21949916       0.43489597 
     0.096482263      -0.20094799       0.39247288 
     0.074427956      -0.19776054       0.33602619 
     0.053729569      -0.17807806       0.28238392 
     0.036111956      -0.15661787       0.23882330 
     0.022162146      -0.16305957       0.17026773 
     0.011825434      -0.12924975       0.14232405 
    0.0047112499      -0.11282116       0.11479328 
   0.00028193712      -0.10554640      0.087947293 
   -0.0020330959     -0.085443692      0.077148465 
   -0.0027716500     -0.067991807      0.067020320 
   -0.0024045279     -0.057006197      0.057441699 
   -0.0013215878     -0.054458428      0.047868705 
   0.00016957789     -0.047063768      0.047409392 
    0.0018375552     -0.047766194      0.043528488 
    0.0035171536     -0.046476776      0.042213909 
    0.0050979413     -0.038811197      0.047045686 
    0.0065127823     -0.035272634      0.049257494 
    0.0077272832     -0.034311990      0.052629514 
    
    0.0033055799      -0.35199286       0.37417593 
   -0.0064252615      -0.39177839       0.33401811 
    -0.017904335      -0.37324990       0.28733175 
    -0.026886601      -0.34059789       0.24834900 
    -0.032501913      -0.31657966       0.19497368 
    -0.034974310      -0.27716644       0.15758509 
    -0.034905922      -0.23754167       0.13092129 
    -0.032981217      -0.22134182      0.093840134 
    -0.029832953      -0.18343519      0.081695436 
    -0.025986425      -0.16767919      0.055914346 
    -0.021844978      -0.14687199      0.047026992 
    -0.017697003      -0.12186658      0.050719016 
    -0.013732954      -0.11334148      0.042276075 
    -0.010065702     -0.094436954      0.045449352 
   -0.0067504338     -0.080868093      0.049251593 
   -0.0038021642     -0.072079416      0.048947357 
   -0.0012100525     -0.065405247      0.048054636 
    0.0010515949     -0.059971035      0.045082107 
    0.0030153620     -0.047914444      0.053754886 
    0.0047153412     -0.051793072      0.045861579 
    
     -0.26639055      -0.92096810       0.38005785 
     -0.52331815       -1.2660337       0.33909515 
     -0.63923158       -1.4641635       0.26626135 
     -0.66454388       -1.4900158       0.19501250 
     -0.63462451       -1.3786237       0.17493723 
     -0.57406462       -1.2603315       0.11253063 
     -0.49956205       -1.1274911      0.064103143 
     -0.42203752      -0.98436529      0.039747753 
     -0.34823212      -0.81549613      0.068754147 
     -0.28192203      -0.69950406      0.071609618 
     -0.22483899      -0.58669442      0.099413396 
     -0.17736012      -0.51988442       0.10418562 
     -0.13901629      -0.45908186       0.11209288 
     -0.10885829      -0.39822341       0.13867026 
    -0.085712889      -0.36711668       0.14105645 
    -0.068354675      -0.32052684       0.15009849 
    -0.055615011      -0.30660783       0.13942391 
    -0.046444886      -0.27205345       0.15743320 
    -0.039945146      -0.27505304       0.13399864 
    -0.035374476      -0.26453899       0.13077614 
    
     -0.11027229      -0.50210886       0.34937127 
     -0.27766892      -0.70234720       0.24261280 
     -0.35688295      -0.81988947       0.13172607 
     -0.37909237      -0.83894066      0.073284365 
     -0.36617034      -0.77698439      0.073392857 
     -0.33331888      -0.70827385      0.055159821 
     -0.29089413      -0.63704640      0.033817171 
     -0.24572258      -0.54684606      0.038130172 
     -0.20207763      -0.44554852      0.048600510 
     -0.16241510      -0.37577579      0.058473249 
     -0.12792865      -0.32764859      0.061461397 
    -0.098967005      -0.29247282      0.055485678 
    -0.075342788      -0.23943859      0.075862832 
    -0.056556789      -0.20112067      0.085117690 
    -0.041956128      -0.17804274      0.086025591 
    -0.030841659      -0.16256898      0.088414573 
    -0.022537013      -0.15066564      0.087997877 
    -0.016429331      -0.13848525      0.087316038 
    -0.011989722      -0.13031619      0.086310583 
   -0.0087797664      -0.11551158      0.090929464 
     
     -0.17058172      -0.56688119       0.22954254 
     -0.24369163      -0.61096900       0.18533755 
     -0.26876778      -0.64867573       0.10538359 
     -0.26434879      -0.58349024      0.097574245 
     -0.24285374      -0.52015137      0.071690710 
     -0.21263588      -0.48434927      0.043369521 
     -0.17921776      -0.41689736      0.044832506 
     -0.14611516      -0.36939082      0.023291959 
     -0.11542044      -0.31091664      0.037657451 
    -0.088230078      -0.25570471      0.050242454 
    -0.064962583      -0.22021622      0.053749028 
    -0.045595220      -0.17334752      0.070841045 
    -0.029838093      -0.14430404      0.077685402 
    -0.017259416      -0.12631273      0.074420849 
   -0.0073726072      -0.10365389      0.077672152 
   0.00030606828     -0.081978091      0.085323153 
    0.0062221729     -0.068187805      0.084200242 
     0.010764160     -0.058003889      0.079289591 
     0.014256038     -0.047521502      0.078494493 
     0.016957811     -0.035946707      0.083764401 
    
     -0.89013966       -1.4507297      -0.25647649 
      -1.2257932       -1.9136657      -0.31954952 
      -1.3159751       -2.0493355      -0.34163529 
      -1.2636252       -1.9683975      -0.31535449 
      -1.1358538       -1.7763494      -0.22517115 
     -0.97577574       -1.5806592      -0.15826674 
     -0.81022483       -1.3574438     -0.075231470 
     -0.65494955       -1.1694353     -0.028666622 
     -0.51821369       -1.0037804      0.022821369 
     -0.40333869      -0.86652679      0.059908166 
     -0.31051004      -0.73010393       0.10028363 
     -0.23805411      -0.63776799       0.11726028 
     -0.18332594      -0.53464054       0.14327403 
     -0.14330899      -0.45546763       0.15629824 
     -0.11500225      -0.40041065       0.15319248 
    -0.095652288      -0.33491545       0.16486305 
    -0.082875029      -0.33540140       0.11704490 
    -0.074701393      -0.28659773       0.11140071 
    -0.069573067      -0.25597528       0.10326999 
    -0.066307941      -0.24580125      0.072868898 
    
      -1.0388641       -1.6878873      -0.19385033 
      -1.5341110       -2.4058001      -0.42914486 
      -1.7111202       -2.6564804      -0.44741038 
      -1.6918792       -2.7076726      -0.43940808 
      -1.5599319       -2.5712650      -0.38348354 
      -1.3716068       -2.2951709      -0.26304310 
      -1.1638568       -2.0401420      -0.18854342 
     -0.95983831       -1.7867152      -0.11082760 
     -0.77297868       -1.4963536     0.0086169947 
     -0.60998448       -1.2976021      0.078503813 
     -0.47307032       -1.1437502       0.12132582 
     -0.36159811      -0.95968692       0.19239444 
     -0.27326231      -0.82244318       0.22785429 
     -0.20492485      -0.69786611       0.25894313 
     -0.15318181      -0.62397849       0.24954787 
     -0.11472754      -0.54024762       0.22527245 
    -0.086569538      -0.46852347       0.20826179 
    -0.066136226      -0.42328437       0.19007007 
    -0.051311151      -0.37387428       0.17508685 
    -0.040419299      -0.32526623       0.17827506 
    
     0.088124793     -0.064297177       0.24939543 
     0.094918600     -0.072833380       0.26326982 
     0.088386126     -0.094113090       0.25012493 
     0.075554851     -0.097611789       0.22827116 
     0.060583756      -0.10244548       0.19719037 
     0.045874935     -0.086846316       0.18258535 
     0.032715441     -0.087352038       0.14923541 
     0.021682467     -0.078455966       0.12622641 
     0.012911193     -0.069753947       0.10889635 
    0.0062754797     -0.075316582      0.076485083 
    0.0015098859     -0.065421408      0.063575928 
   -0.0017093351     -0.055346197      0.057610868 
   -0.0037123943     -0.047675445      0.050109943 
   -0.0048048962     -0.048584160      0.040575726 
   -0.0052513632     -0.046595982      0.037177833 
   -0.0052687366     -0.044841002      0.035007146 
   -0.0050263935     -0.041647417      0.034704961 
   -0.0046501155     -0.043672072      0.031347925 
   -0.0042281555     -0.043309295      0.030149669 
   -0.0038181040     -0.043514060      0.029341264 
    
      0.43314894      -0.33093935        1.0866301 
      0.62065394      -0.35594853        1.4949214 
      0.71345028      -0.32045425        1.7375694 
      0.73757300      -0.31232790        1.7381580 
      0.71471190      -0.24894091        1.6773494 
      0.66212268      -0.15618055        1.5923748 
      0.59298749      -0.13786121        1.4114204 
      0.51695142     -0.082721594        1.2898204 
      0.44071702     -0.080613113        1.1626047 
      0.36863155     -0.099346931        1.0486475 
      0.30322878      -0.16226947       0.94387459 
      0.24570406      -0.15987596       0.88819121 
      0.19631360      -0.23751063       0.76388330 
      0.15469701      -0.25485202       0.68354542 
      0.12012768      -0.25621381       0.61987615 
     0.091698894      -0.23672346       0.55777613 
     0.068455402      -0.24538836       0.48564416 
     0.049480384      -0.22604125       0.43705255 
     0.033947581      -0.20740633       0.38925575 
     0.021147339      -0.21754091       0.32480135 
    
      -1.1030796       -1.8443854      -0.20556314 
      -1.7953168       -2.8311765      -0.58071120 
      -2.0936038       -3.3030141      -0.71164971 
      -2.1362393       -3.4214098      -0.71408483 
      -2.0221637       -3.2572373      -0.60430447 
      -1.8209797       -3.0462610      -0.45984501 
      -1.5804604       -2.7812629      -0.30342436 
      -1.3321845       -2.4673841      -0.12965580 
      -1.0958459       -2.2239475    -0.0041275106 
     -0.88258378       -1.9486527       0.13008502 
     -0.69755529       -1.7009087       0.25210894 
     -0.54190261       -1.5706870       0.23457810 
     -0.41423234       -1.2831583       0.37774818 
     -0.31170064       -1.1571547       0.34691666 
     -0.23078369      -0.98281810       0.36963890 
     -0.16780129      -0.87782842       0.32786120 
     -0.11925108      -0.74703198       0.32352041 
    -0.082001535      -0.62701222       0.32269614 
    -0.053383469      -0.52691437       0.31638883 
    -0.031211597      -0.42463309       0.31106860 
    
      0.18539525      0.079400413       0.29420475 
      0.14543540      0.043547550       0.25929400 
      0.11067230     0.0069053772       0.22090359 
     0.081660647     -0.012553648       0.19263460 
     0.058125573     -0.026174247       0.16312578 
     0.039512514     -0.042816989       0.12905309 
     0.025163430     -0.047217600       0.10904539 
     0.014398217     -0.052230014      0.088049880 
    0.0065616303     -0.051637499      0.071651212 
    0.0010519928     -0.048487865      0.058870348 
   -0.0026622821     -0.040562698      0.051083946 
   -0.0050351219     -0.038479351      0.039571708 
   -0.0064418527     -0.037563700      0.032331079 
   -0.0071829816     -0.032402938      0.029480697 
   -0.0074911038     -0.035127915      0.020436299 
   -0.0075396166     -0.034974509      0.017287839 
   -0.0074521909     -0.031016749      0.019068540 
   -0.0073122106     -0.032723457      0.017313268 
   -0.0071716183     -0.034225068      0.016994031 
   -0.0070588129     -0.034008263      0.018503131 
    
      0.22884516      0.073034104       0.39741285 
      0.18504846     0.0053274812       0.34780875 
      0.14683087     -0.021778981       0.31614136 
      0.11402206     -0.055775581       0.26968175 
     0.086753916     -0.063224095       0.23949011 
     0.064886250     -0.067211056       0.20511077 
     0.047994947     -0.068415018       0.17353508 
     0.035464436     -0.067807003       0.14728806 
     0.026585764     -0.062951724       0.12632257 
     0.020636030     -0.055743457       0.11177355 
     0.016934657     -0.050722801      0.096074586 
     0.014878308     -0.043948782      0.082604943 
     0.013958381     -0.037056078      0.075082097 
     0.013765453     -0.032660475      0.068514061 
     0.013984756     -0.029567700      0.062274907 
     0.014386090     -0.025288742      0.060559465 
     0.014810909     -0.025077095      0.057414450 
     0.015158543     -0.017575731      0.061926934 
     0.015372922     -0.012935323      0.063503014 
     0.015430658     -0.011493495      0.062351699 
      
      0.14353312     -0.048924648       0.31794978 
      0.10321230     -0.082682221       0.29778846 
     0.074625316      -0.11983399       0.28579340 
     0.053386686      -0.16135979       0.24949428 
     0.037782851      -0.14711243       0.23786833 
     0.026766592      -0.13674667       0.20596137 
     0.019484166      -0.11841674       0.18636799 
     0.015162092      -0.11330225       0.15608065 
     0.013092803      -0.11301442       0.12062815 
     0.012646008     -0.087336378       0.11942992 
     0.013281786     -0.076889294       0.10196753 
     0.014557687     -0.062448749      0.095042895 
     0.016128435     -0.049106722      0.088872636 
     0.017739353     -0.045150071      0.079948423 
     0.019215475     -0.041081647      0.075634642 
     0.020448330     -0.035801254      0.075246966 
     0.021382086     -0.032412267      0.075129601 
     0.022000322     -0.025399960      0.078715064 
     0.022314218     -0.023325753      0.078154355 
     0.022352620     -0.014936754      0.083027018 
    
      0.14947479    -0.0018710840       0.32849754 
      0.10583167     -0.076040676       0.27863032 
     0.075522799      -0.14465973       0.23327306 
     0.053640376      -0.11940743       0.24270997 
     0.037926086      -0.11787222       0.20977878 
     0.026968543      -0.12007064       0.16548811 
     0.019710235      -0.10444826       0.14288188 
     0.015287577     -0.094295193       0.11950186 
     0.012975590     -0.087017226      0.095590151 
     0.012168217     -0.057277676       0.10399920 
     0.012369332     -0.049594512      0.090530119 
     0.013185063     -0.049859205      0.074746827 
     0.014314387     -0.037540012      0.073340307 
     0.015537677     -0.036703526      0.065430734 
     0.016703948     -0.030903213      0.065758359 
     0.017717785     -0.027547794      0.065599204 
     0.018526862     -0.024474858      0.069022751 
     0.019110681     -0.020651406      0.073210533 
     0.019470931     -0.013156294      0.079882522 
     0.019623602     -0.014084750      0.077800060 
     
      0.13619812     -0.054238465       0.32072155 
     0.096129747      -0.10267862       0.28281516 
     0.068404775      -0.14257671       0.26907605 
     0.048249683      -0.15650722       0.25703554 
     0.033710619      -0.15066349       0.22881124 
     0.023614672      -0.13492107       0.20632050 
     0.017057309      -0.13400622       0.16966280 
     0.013259549      -0.11564758       0.15457665 
     0.011533397     -0.099275298       0.13714730 
     0.011279938     -0.090861989       0.11483781 
     0.011994050     -0.075430367       0.10321900 
     0.013266516     -0.063434567      0.096612297 
     0.014781051     -0.053886081      0.086609368 
     0.016306597     -0.045677798      0.082130294 
     0.017686277     -0.044657686      0.074215766 
     0.018824608     -0.034973346      0.076916890 
     0.019674378     -0.034656405      0.073722020 
     0.020224248     -0.028983817      0.076120273 
     0.020487783     -0.027770560      0.074231316 
     0.020494267     -0.016033970      0.081758813 

    -0.098091129      -0.59717425       0.50874802 
     -0.15072098      -0.77848570       0.57571495 
     -0.15929838      -0.68252790       0.70630545 
     -0.14898998      -0.68672253       0.61206091 
     -0.13065707      -0.59186828       0.56440611 
     -0.10995650      -0.48097519       0.54170562 
    -0.089952727      -0.41671815       0.45316133 
    -0.072209597      -0.36775109       0.37311402 
    -0.057378933      -0.28336736       0.34166742 
    -0.045561529      -0.24409571       0.28456465 
    -0.036541216      -0.21892940       0.23088543 
    -0.029939125      -0.20811105       0.18071268 
    -0.025314365      -0.18648210       0.15155642 
    -0.022227489      -0.16252176       0.13740577 
    -0.020277837      -0.14095213       0.13494384 
    -0.019122698      -0.12416771       0.13119051 
    -0.018484093      -0.12336512       0.12418912 
    -0.018147556      -0.12708881       0.11183014 
    -0.017956080      -0.12874621       0.10289628 
    -0.017801602      -0.12255403       0.10452129 
    

     -0.22897734      -0.75055714       0.38271910 
     -0.26655440      -0.78148323       0.55737396 
     -0.25589435      -0.78806689       0.59208317 
     -0.22641809      -0.71646083       0.56221332 
     -0.19075262      -0.61538216       0.54039937 
     -0.15526343      -0.55641881       0.45808538 
     -0.12317175      -0.49465997       0.37666760 
    -0.095898404      -0.39141300       0.33357919 
    -0.073800448      -0.31609616       0.29289647 
    -0.056623134      -0.26819363       0.25656761 
    -0.043789130      -0.25194632       0.20694688 
    -0.034584383      -0.20504780       0.18965132 
    -0.028274840      -0.18668829       0.15238156 
    -0.024175848      -0.16951284       0.13610935 
    -0.021689170      -0.14645965       0.13529381 
    -0.020318188      -0.14643065       0.11718209 
    -0.019668911      -0.13271881       0.11563034 
    -0.019442347      -0.13897255       0.10058249 
    -0.019422195      -0.13763598      0.098379094 
    -0.019460604      -0.12784204       0.10833221 
    

     -0.19699027      -0.72708644       0.36616097 
     -0.26885825      -0.85339764       0.38533494 
     -0.28668400      -0.84837852       0.42140883 
     -0.27514442      -0.82114841       0.39479838 
     -0.24843360      -0.77244151       0.33012365 
     -0.21534130      -0.69075623       0.26869412 
     -0.18126550      -0.57999637       0.24596007 
     -0.14934542      -0.47053747       0.22885740 
     -0.12120856      -0.38960421       0.19960903 
    -0.097491866      -0.33587212       0.15460537 
    -0.078210139      -0.27019920       0.14576007 
    -0.063014759      -0.23749058       0.11689756 
    -0.051371766      -0.18695644       0.11103350 
    -0.042680438      -0.17398115      0.080610591 
    -0.036348365      -0.15291223      0.075977609 
    -0.031835294      -0.13871283      0.071764396 
    -0.028675144      -0.11385833      0.084999553 
    -0.026483344      -0.11689869      0.072292238 
    -0.024954814      -0.11725352      0.068390384 
    -0.023856487      -0.12031774      0.064066816 
    

     -0.10154294      -0.69824408       0.48798875 
     -0.14370652      -0.88966483       0.54185541 
     -0.17128758      -0.89064893       0.62248522 
     -0.18483947      -0.88778424       0.59739697 
     -0.18669145      -0.86363553       0.50841268 
     -0.17974592      -0.78177716       0.43124487 
     -0.16681308      -0.70066982       0.36538382 
     -0.15030065      -0.66788242       0.25724635 
     -0.13210905      -0.54289717       0.25162129 
     -0.11363731      -0.46431209       0.21561794 
    -0.095843047      -0.41566020       0.15748410 
    -0.079323343      -0.32629138       0.15314063 
    -0.064398084      -0.27105012       0.13701944 
    -0.051185885      -0.21897691       0.13682720 
    -0.039668259      -0.19087167       0.12019841 
    -0.029740786      -0.18227477       0.10506206 
    -0.021251865      -0.17167279      0.098826615 
    -0.014030555      -0.13625518       0.12062078 
   -0.0079053707      -0.12225437       0.12889790 
   -0.0027159596      -0.11484721       0.13118521 
    
 
     0.078475727      -0.39729236       0.62544933 
    -0.011432362      -0.56096736       0.55959524 
    -0.063753294      -0.57165572       0.52206940 
    -0.091904824      -0.51470469       0.51026050 
     -0.10381936      -0.47986275       0.44209613 
     -0.10497705      -0.44272931       0.36211461 
    -0.099326484      -0.42502200       0.26248273 
    -0.089714910      -0.34421221       0.23651882 
    -0.078158983      -0.32044562       0.16928718 
    -0.066042526      -0.25797288       0.15887425 
    -0.054270612      -0.21324432       0.13520436 
    -0.043392350      -0.18675985       0.10638189 
    -0.033698892      -0.15984867      0.091800713 
    -0.025300877      -0.13010365      0.086368361 
    -0.018188564      -0.10301769      0.085603355 
    -0.012277427     -0.084622549      0.087176497 
   -0.0074417206     -0.080099183      0.081603717 
   -0.0035382862     -0.071217921      0.089284925 
  -0.00042262357     -0.068917803      0.096095666 
    0.0020409928     -0.067693378       0.10259694 
    

      0.26230495     -0.011802169       0.58425490 
      0.24993505     -0.018723972       0.58570591 
      0.22132518     -0.031808955       0.52335969 
      0.18586032     -0.037028536       0.45637707 
      0.14952548     -0.049969223       0.38440965 
      0.11574739     -0.045127244       0.32902023 
     0.086254531     -0.046075359       0.27205158 
     0.061690451     -0.049598226       0.21689793 
     0.042030964     -0.057652629       0.17629714 
     0.026866505     -0.062180099       0.14275498 
     0.015592095     -0.073549829       0.10955841 
    0.0075329089     -0.071159587      0.091769879 
    0.0020242713     -0.074144417      0.072635067 
   -0.0015406879     -0.073277939      0.061086377 
   -0.0036861694     -0.061904968      0.059362472 
   -0.0048445161     -0.060152833      0.050260732 
   -0.0053573859     -0.055704969      0.046887746 
   -0.0054833161     -0.055058191      0.042389493 
   -0.0054087665     -0.053188236      0.040072113 
   -0.0052605594     -0.051727899      0.040111253 
    

     -0.15809371      -0.63578246       0.27504647 
     -0.17395074      -0.67319509       0.28594275 
     -0.16993930      -0.66065775       0.29599033 
     -0.15500458      -0.60934192       0.29278334 
     -0.13494724      -0.56646711       0.24066421 
     -0.11345219      -0.50372643       0.20130367 
    -0.092757572      -0.44122514       0.16304407 
    -0.074113075      -0.37606465       0.13442724 
    -0.058103528      -0.30166621       0.13053946 
    -0.044880096      -0.24205477       0.11986560 
    -0.034325235      -0.20215642       0.10149467 
    -0.026168943      -0.17342244      0.084584523 
    -0.020068841      -0.14617938      0.079766437 
    -0.015663466      -0.12454169      0.082178296 
    -0.012605915      -0.10958667      0.082221815 
    -0.010583326     -0.095545937      0.082437840 
   -0.0093264119     -0.097318977      0.075774258 
   -0.0086122491     -0.090606991      0.077705862 
   -0.0082627334     -0.084700111      0.077951681 
   -0.0081404548     -0.095583177      0.065934824 
    
 
     -0.10797534      -0.99345317       0.86943651 
     -0.12877660       -1.5113052        1.0949989 
     -0.11658652       -1.6224173        1.2482125 
    -0.090032710       -1.5384497        1.3138525 
    -0.059951838       -1.2823977        1.4235464 
    -0.032232841       -1.1409447        1.2973885 
   -0.0096674798       -1.1111372        1.0131277 
    0.0068362729      -0.96483488       0.91379055 
     0.017457276      -0.69754985       0.90843966 
     0.022942632      -0.69854402       0.66206964 
     0.024277833      -0.50365667       0.62252460 
     0.022485333      -0.39600790       0.56115368 
     0.018509863      -0.34585769       0.47099108 
     0.013161280      -0.35272793       0.33806765 
    0.0070943626      -0.30634561       0.28872730 
   0.00081115084      -0.28472647       0.23498247 
   -0.0053240979      -0.25600278       0.21120718 
    -0.011063997      -0.24358337       0.18717376 
    -0.016255472      -0.21164400       0.19088497 
    -0.020818166      -0.20293111       0.17619940 
    

     -0.24466541       -1.0727587       0.83482363 
     -0.35466701       -1.7350453       0.93416148 
     -0.38397482       -1.9242770        1.0424318 
     -0.36696471       -1.9018367        1.0427916 
     -0.32596481       -1.8047140       0.95555037 
     -0.27516894       -1.6060072       0.87111748 
     -0.22326781       -1.3740833       0.81670764 
     -0.17524040       -1.1606131       0.73372311 
     -0.13359590      -0.90654363       0.69703423 
    -0.099243382      -0.72001186       0.63693102 
    -0.072101102      -0.65201490       0.50089409 
    -0.051519119      -0.53553187       0.42534667 
    -0.036566845      -0.46155210       0.35196727 
    -0.026222433      -0.42006401       0.27355553 
    -0.019491461      -0.29927043       0.29535286 
    -0.015475366      -0.28259069       0.22821775 
    -0.013405066      -0.21144261       0.24637357 
    -0.012651263      -0.22959685       0.19919739 
    -0.012719925      -0.19674355       0.20968193 
    -0.013239130      -0.21736880       0.17680153 
 
     0.039166873      -0.93696758       0.92657034 
     0.094004269       -1.2547830        1.3654463 
      0.13752433       -1.4607797        1.4928214 
      0.16660952       -1.3333438        1.5937389 
      0.18161709       -1.3756592        1.4076431 
      0.18457966       -1.1097750        1.4187973 
      0.17815214      -0.94346136        1.3015752 
      0.16501900      -0.84202383        1.0849748 
      0.14758489      -0.67384830       0.93562899 
      0.12783873      -0.55962360       0.81924486 
      0.10732181      -0.40001381       0.74085443 
     0.087154737      -0.27268778       0.69393475 
     0.068094273      -0.29174210       0.53690302 
     0.050601517      -0.24222516       0.47285552 
     0.034910138      -0.24287231       0.39483682 
     0.021088286      -0.21501522       0.35577031 
    0.0090910875      -0.18331905       0.32899609 
   -0.0011972312      -0.20659815       0.25972928 
   -0.0099312202      -0.24091353       0.18886949 
    -0.017280978      -0.22427201       0.18593233 
     
      -1.0347760       -1.9556900       0.13213438 
      -1.5138734       -2.8490707       0.14064245 
      -1.7121771       -3.2397133       0.15802932 
      -1.7285738       -3.3711978       0.13265660 
      -1.6322778       -3.2487764       0.11545676 
      -1.4721758       -3.1422054     -0.010734814 
      -1.2822931       -2.7037310       0.14016076 
      -1.0855628       -2.4821442      0.080699940 
     -0.89664555       -2.2531053      0.071377220 
     -0.72412137       -2.0063443       0.12561086 
     -0.57221679       -1.7521331       0.19532660 
     -0.44216060       -1.4721419       0.30216643 
     -0.33323198       -1.2593953       0.35592039 
     -0.24355134       -1.0637476       0.38114805 
     -0.17065764      -0.88546524       0.40554858 
     -0.11191158      -0.71464310       0.41616334 
    -0.064760688      -0.59173503       0.40715855 
    -0.026898003      -0.46889760       0.43887412 
    0.0036579681      -0.33988438       0.49118542 
     0.028538923      -0.31136571       0.46620810 
   
     -0.59677564       -1.1942774       0.23098154 
     -0.97327142       -1.8247657      0.086646120 
      -1.1413147       -2.0973205      0.066201659 
      -1.1736779       -2.1236982      0.085945220 
      -1.1211861       -2.1675976     0.0011740718 
      -1.0197354       -2.0012913      0.041277273 
     -0.89434779       -1.8006649      0.068377057 
     -0.76195116       -1.6317379      0.057815441 
     -0.63344608       -1.4770681      0.056959317 
     -0.51530557       -1.2972097      0.089397287 
     -0.41082981       -1.2059259       0.11426288 
     -0.32112764       -1.0332344       0.17617891 
     -0.24587352      -0.85727525       0.23218365 
     -0.18387806      -0.73056018       0.25862567 
     -0.13350472      -0.61242884       0.27925922 
    -0.092961715      -0.55765038       0.24783484 
    -0.060495157      -0.41804703       0.29024123 
    -0.034506207      -0.34029433       0.29325947 
    -0.013612000      -0.30520460       0.26751626 
    0.0033333140      -0.22916870       0.30370443 
 
      0.16701367      -0.10985007       0.46583118 
     0.050856417      -0.23017081       0.35389521 
    -0.021348420      -0.31234372       0.24650443 
    -0.062796978      -0.32620162       0.18850763 
    -0.082879647      -0.31840536       0.15602376 
    -0.088496989      -0.31242622       0.11518776 
    -0.084743538      -0.28758876      0.088416408 
    -0.075345517      -0.25221021      0.069924238 
    -0.062975598      -0.21221131      0.060192331 
    -0.049494527      -0.16775796      0.064331920 
    -0.036142997      -0.14202292      0.053809902 
    -0.023696021      -0.10674278      0.058719966 
    -0.012587100     -0.083265254      0.063525263 
   -0.0030071154     -0.069536965      0.063663307 
    0.0050181472     -0.053835221      0.065954800 
     0.011568540     -0.040708407      0.072701761 
     0.016785153     -0.028622379      0.079130938 
     0.020838262     -0.026860621      0.075294894 
     0.023905179     -0.021879565      0.078027024 
     0.026155837     -0.017637882      0.081429392 
  
     -0.31054115      -0.85689353       0.21249928 
     -0.28145908      -0.90954633       0.28360045 
     -0.24497977      -0.83726309       0.36341411 
     -0.20740327      -0.77447436       0.38761730 
     -0.17169368      -0.71379408       0.35593688 
     -0.13942673      -0.66767665       0.29715266 
     -0.11134133      -0.58673137       0.25793819 
    -0.087616835      -0.43677216       0.28636054 
    -0.068066929      -0.37275450       0.23054822 
    -0.052286475      -0.28067960       0.22414209 
    -0.039761102      -0.23638324       0.17736763 
    -0.029945269      -0.21519208       0.13128401 
    -0.022314308      -0.16251266       0.12167335 
    -0.016395854      -0.14056152       0.10499742 
    -0.011785708      -0.12285817      0.095098168 
   -0.0081525728      -0.10719876      0.097483350 
   -0.0052353662     -0.089503986       0.11133938 
   -0.0028360434      -0.10306851      0.099745042 
  -0.00081014959     -0.096700553       0.10685664 
   0.00094331333     -0.098235689       0.11130642 
    
    -0.053219077       -1.5561784        1.6058257 
     -0.24999667       -2.4999391        2.2342471 
     -0.44876759       -2.9473468        2.5873720 
     -0.60825447       -3.3170143        2.4295664 
     -0.71332581       -3.7006188        1.9228912 
     -0.76352450       -3.3775823        1.8736715 
     -0.76585394       -3.1735676        1.5667901 
     -0.73039141       -2.9978724        1.2104265 
     -0.66771964       -2.6402838        1.0378929 
     -0.58752514       -2.4529649       0.76400097 
     -0.49793776       -2.1220284       0.68474127 
     -0.40532826       -1.7151250       0.74937416 
     -0.31437382       -1.5452408       0.66458693 
     -0.22826525       -1.3102564       0.74112340 
     -0.14897347       -1.1361818       0.70544593 
    -0.077523996      -0.98615773       0.65639823 
    -0.014249884      -0.80076321       0.64700499 
     0.040992094      -0.65585279       0.62761457 
     0.088647076      -0.48665080       0.65416010 
      0.12932884      -0.35971477       0.65640885 
    
      0.22406539       -1.1298336        1.6386682 
      0.42984943       -1.7878310        2.3665450 
      0.60455302       -1.9918770        2.8181856 
      0.72709580       -1.8659272        3.0679362 
      0.79348811       -1.6878505        3.0429493 
      0.80908541       -1.3656083        3.0088739 
      0.78347571       -1.2383716        2.7424279 
      0.72739911      -0.93573719        2.5814985 
      0.65101699      -0.73707146        2.3823034 
      0.56304815      -0.67796211        2.0529853 
      0.47044678      -0.57569038        1.8073187 
      0.37840404      -0.48550678        1.5988153 
      0.29052751      -0.55395545        1.3434204 
      0.20910261      -0.57178206        1.1588292 
      0.13537542      -0.56595479        1.0040914 
     0.069820428      -0.55726918       0.84548216 
     0.012374066      -0.54893790       0.67507736 
    -0.037374115      -0.55439603       0.52627508 
    -0.080033272      -0.52689731       0.45560039 
     -0.11630262      -0.62513366       0.22902251 
