  
     -0.24238209      -0.35140093      -0.12586891 
     -0.30664937      -0.46994316      -0.15834102 
     -0.29278887      -0.46647122      -0.13500953 
     -0.24930002      -0.40513161     -0.087667425 
     -0.19936157      -0.34287158     -0.056735989 
     -0.15346608      -0.26811079     -0.024164735 
     -0.11563136      -0.21741496     -0.013388161 
    -0.086605433      -0.16943852    -0.0034408825 
    -0.065580975      -0.13876868    -0.0011762416 
    -0.051127277      -0.11364007     0.0068503932 
    -0.041690194      -0.10088514     0.0098755352 
    -0.035845023     -0.088138587      0.016697545 
    -0.032406170     -0.080305438      0.018091410 
    -0.030455060     -0.074270022      0.018763721 
    -0.029323853     -0.070696390      0.016750181 
    -0.028558148     -0.066843607      0.013730056 
    -0.027872696     -0.066899580     0.0071164024 
    -0.027108247     -0.061024916     0.0056939133 
    -0.026193711     -0.055658720     0.0038171380 
    -0.025115355     -0.051274570     0.0021905185 
    
    -0.048227814     -0.088413810     -0.010559437 
    -0.076937719      -0.14020029     -0.016502529 
    -0.087845224      -0.16220513     -0.018312028 
    -0.085572315      -0.15873832     -0.014987305 
    -0.075035349      -0.14418923     -0.013425754 
    -0.060372878      -0.11832352    -0.0064993171 
    -0.044629294     -0.091641484     0.0011121786 
    -0.029793096     -0.065903885     0.0096603202 
    -0.016981479     -0.045065191      0.015194883 
   -0.0066638724     -0.030346131      0.015863900 
    0.0011282615     -0.015372655      0.020556100 
    0.0066278968    -0.0071210424      0.022528396 
     0.010201190   -0.00086250654      0.024682872 
     0.012255966     0.0018363329      0.025293359 
     0.013183526     0.0034386926      0.025787975 
     0.013326169     0.0036753266      0.025448205 
     0.012963166     0.0038328399      0.024588040 
     0.012308956     0.0031814082      0.022591487 
     0.011518654     0.0028938305      0.021078664 
     0.010697243     0.0034618689      0.019996726 
 
   -0.0080868961     -0.019679793     0.0034933686 
    -0.010934784     -0.030328032     0.0069645415 
    -0.011141913     -0.033946576      0.010564849 
    -0.010340651     -0.035038541      0.011713376 
   -0.0094716187     -0.032602450      0.013499499 
   -0.0090023671     -0.033747256      0.010105178 
   -0.0090957049     -0.030575963      0.010309834 
   -0.0097340773     -0.029739307     0.0075050660 
    -0.010807146     -0.027894327     0.0055969075 
    -0.012169898     -0.028352540     0.0012801140 
    -0.013678248     -0.027866857   -0.00012329874 
    -0.015208333     -0.028791678    -0.0022616138 
    -0.016664647     -0.030520700    -0.0036786640 
    -0.017981105     -0.031998298    -0.0042075087 
    -0.019118063     -0.034483837    -0.0053624578 
    -0.020057431     -0.035287965    -0.0045809846 
    -0.020797294     -0.036485894    -0.0048763137 
    -0.021346862     -0.037899377    -0.0050683441 
    -0.021722196     -0.038449478    -0.0050051516 
    -0.021942854     -0.039406775    -0.0052481463 
 
     -0.32135654      -0.51625884      -0.14302001 
     -0.47758056      -0.79227114      -0.19154458 
     -0.52685973      -0.89700316      -0.19136626 
     -0.51159667      -0.88100734      -0.15433998 
     -0.46154906      -0.81506639      -0.12738939 
     -0.39663559      -0.71486181     -0.089598968 
     -0.32937833      -0.59763519     -0.051878177 
     -0.26695445      -0.50766636     -0.031032332 
     -0.21285417      -0.42026367     -0.012132751 
     -0.16816787      -0.36008628    -0.0034904754 
     -0.13254363      -0.28974334      0.030964754 
     -0.10486722      -0.25092157      0.051745058 
    -0.083719273      -0.22647040      0.060111850 
    -0.067661561      -0.20569067      0.061107199 
    -0.055398454      -0.18110863      0.061756843 
    -0.045851839      -0.15378095      0.066097425 
    -0.038179754      -0.14282728      0.057083829 
    -0.031761543      -0.11570476      0.066686765 
    -0.026165747      -0.10758563      0.053868793 
    -0.021111714     -0.084207480      0.056756542 
 
     -0.28189168      -0.42474974      -0.14047057 
     -0.33291454      -0.50793129      -0.16371246 
     -0.29504264      -0.45101015      -0.11224755 
     -0.23152419      -0.37785683     -0.078056391 
     -0.16933948      -0.29244588     -0.037536989 
     -0.11850923      -0.21946654     -0.012344501 
    -0.081215746      -0.16034937   -0.00054768105 
    -0.056233971      -0.11772106     0.0064029228 
    -0.041108046     -0.094023624      0.011141554 
    -0.033201608     -0.081953097      0.011201698 
    -0.030169721     -0.071059341      0.015777741 
    -0.030130823     -0.069396250      0.010903294 
    -0.031686163     -0.067485077     0.0096608219 
    -0.033867086     -0.069141777     0.0040740641 
    -0.036054430     -0.069453568   -0.00013865082 
    -0.037893888     -0.071516231    -0.0041598442 
    -0.039219402     -0.069446077    -0.0045171769 
    -0.039989708     -0.069308614    -0.0055301926 
    -0.040239179     -0.069055838    -0.0056799136 
    -0.040041988     -0.068550412    -0.0058398000 
  
      0.98575488       0.96610050        1.0098065 
      0.67401524       0.56312234       0.77131739 
      0.44193319       0.30060593       0.57169870 
      0.27401684       0.14520951       0.40841753 
      0.15686392      0.048095511       0.26931034 
     0.078813842    -0.0018879662       0.16158001 
     0.029918670     -0.019567618      0.091051666 
    0.0019466520     -0.032058559      0.041795457 
    -0.011679221     -0.038099899      0.015623863 
    -0.016019832     -0.040837286     0.0054532735 
    -0.014814892     -0.037579731     0.0075227445 
    -0.010705554     -0.032500741      0.010643640 
   -0.0054592471     -0.024698003      0.015250958 
  -0.00017835730     -0.016509873      0.019258301 
    0.0045182484     -0.010493016      0.021316449 
    0.0083456311    -0.0049611534      0.023227895 
     0.011235395    -0.0012287763      0.023564333 
     0.013247853     0.0035574123      0.026271679 
     0.014509526     0.0036103494      0.025620393 
     0.015171162     0.0047081553      0.026554662 
    
     -0.18030992      -0.26858291     -0.086645258 
     -0.22791309      -0.34976081      -0.10379087 
     -0.21473194      -0.33697452     -0.081886669 
     -0.17833949      -0.29567283     -0.057676343 
     -0.13690142      -0.23501927     -0.029688651 
    -0.098752728      -0.18507580     -0.016738010 
    -0.067146201      -0.13277133    -0.0031683465 
    -0.042730761     -0.096476089     0.0061610580 
    -0.024895315     -0.073007381      0.014836859 
    -0.012510103     -0.052363983      0.026673609 
   -0.0043306375     -0.034919918      0.039565508 
   0.00079428850     -0.032370097      0.037103432 
    0.0038299065     -0.021265413      0.043842339 
    0.0055296137     -0.017992545      0.043389757 
    0.0064458283     -0.014372736      0.041871762 
    0.0069587106     -0.014340988      0.037261409 
    0.0073111707    -0.0098309169      0.036590895 
    0.0076433996    -0.0058776837      0.035568254 
    0.0080233495    -0.0031514883      0.034168364 
    0.0084716567    -0.0039222471      0.030313781 
