      

     0.030688681       -1.8015862        1.7077075 
      0.61494931       -1.3336130        2.4651225 
      -1.9813304       -3.9097280     -0.039056328 
       2.5098063       0.37042473        4.4750821 
     -0.15393888       -1.8630130        1.5399207 
       3.4436011       0.96446607        5.9817087 
      -2.4853479       -4.8226984      0.020755432 
     -0.46667253       -2.1788529        1.3443824 
       2.1817278       0.35872765        4.2060614 
      0.89024255       -1.0095194        2.5873684 
      -2.1596142       -4.1564576      -0.11293405 
       1.9095804     -0.040334311        3.8749553 
      -1.3679356       -3.3708002       0.54124524 
     -0.23144928       -1.9418394        1.4539711 
      -1.0512326       -2.9819788       0.78030995 
       1.8280660      -0.30801518        4.0294082 
      -1.6081365       -3.4284716       0.29649694 
       3.5877515        1.1308755        6.0890933 
      -7.2061545       -11.124486       -3.2570827 
       1.7345747      -0.55598951        3.9254934 
    -0.016331263       -1.6659642        1.6832546 
      -1.1767882       -3.0249624       0.57119172 
      -2.8127640       -4.9314549      -0.82791719 
      -2.6134607       -4.7302449      -0.22672015 
       1.4651682      -0.36762543        3.5464283 
       1.3944494      -0.40595371        3.2041366 
      -1.9354024       -3.9330237     -0.064951814 
    -0.023059940       -2.1437341        2.0392286 
       1.4951397      -0.23665213        3.4077873 
     -0.28289597       -1.9130665        1.4778004 
     -0.26819967       -2.5302739        1.9916105 
      -3.5498686       -6.7166462     0.0033351686 
       4.5151774        1.0150548        7.8567110 
       3.2211041       0.54260632        5.6275788 
      -2.0848582       -4.3321580      0.043708881 
       5.6576392        2.5169550        9.0690568 
      0.58817650       -1.3854568        2.4907097 
       1.1652619      -0.85960543        2.9965509 
     -0.16527171       -1.9553895        1.7058304 
       2.9057389       0.41090473        5.2560517 
     -0.19126205       -1.9710716        1.5179918 
       1.5736905      -0.42058342        3.5715862 
      0.37809930       -1.3041052        2.2740348 
      -2.0711357       -3.8642161      -0.18860514 
      -1.6606159       -3.3245735       0.18322156 
     -0.70271186       -2.5658642        1.2396012 
      -2.5842002       -4.7593206      -0.23758154 
      0.82297266       -1.0950651        2.5685403 
      0.17064838       -1.5348668        1.9869200 
      0.18436820       -1.6520939        1.9942876 
      -1.8053350       -3.9651932       0.48858051 
     0.031215625       -1.7552059        1.6765750 
       1.8966489      0.016734465        3.6480004 
      -1.6702247       -3.5466358       0.52106763 
      -5.1352976       -8.4380730       -1.5685689 
       4.3752763       0.75806621        8.0422206 
    -0.052809521       -1.8734801        1.7512139 
     -0.32445779       -2.1433520        1.5364774 
     0.069558847       -4.4030641        4.0487981 
       

      -1.0204850       -4.2650541        2.0832955 
     -0.77335076       -3.8591975        2.3815654 
      -1.0365050       -3.9945514        2.1584532 
     -0.12018645       -2.9860494        3.1285168 
     -0.95347210       -3.9469249        2.1717304 
      -1.4206892       -4.5322136        1.7906786 
      -1.6413989       -4.8359773        1.6980438 
       1.6268449       -1.7476489        4.8937049 
       2.1929742       -1.2548919        5.4379161 
      0.14364900       -2.8606255        3.5117417 
       1.6141333       -1.4269752        4.8567876 
      0.67569113       -2.3814494        3.7632142 
      0.63913575       -2.1831739        3.7513399 
       1.1361283       -2.1138717        4.2118870 
      -1.1210269       -4.4382512        2.3840667 
       2.6291260      -0.74268621        6.3089663 
      0.83662909       -2.4265187        3.9205066 
      -1.8975340       -5.0784566        1.5619399 
      -5.2165901       -9.3909280      -0.24961536 
     -0.26905839       -3.7419606        3.3683674 
      -2.5281110       -5.6027711       0.78003933 
     -0.68266332       -3.6536766        2.5033076 
      -1.8887450       -5.1412844        1.5747253 
      0.64607076       -2.7828833        3.7600008 
     -0.33515197       -3.5407619        2.9115539 
       1.2342231       -2.0904890        4.2973605 
       1.0716531       -1.9396072        4.2827811 
       1.1713333       -1.8597482        4.4328542 
       1.2419296       -2.0316770        4.3730551 
     -0.88808297       -4.5375415        2.1689217 
       2.1129137       -1.5500425        5.4936218 
      -2.0025581       -6.2243476        1.9734423 
       5.5137993        1.0674411        10.311420 
      0.59013029       -2.4871496        3.8403603 
      0.18645646       -3.1426878        3.3396168 
       3.0133681      -0.61501614        6.2104078 
       2.7749890      -0.50767196        5.9782952 
       3.0176620      -0.44492826        6.4522118 
      0.28432571       -3.0602979        3.6661638 
     -0.93661349       -4.0181902        2.5446270 
     -0.55219779       -3.8098560        2.7820563 
     -0.42734458       -3.4793896        2.9167767 
      -2.2281345       -5.4827595        1.1494115 
      -1.2780153       -4.4202679        1.6932333 
      -1.1072737       -4.2207383        1.9169732 
      -1.4635563       -4.6821495        1.7297270 
      -2.1185809       -5.3731414        1.0787302 
      -1.7600345       -4.8074752        1.3192268 
     -0.93162735       -3.9485603        2.2497608 
      -2.0127418       -5.3596043        1.1752323 
     0.048339401       -3.2473183        3.1789533 
       1.4574064       -2.0535531        4.7083575 
     -0.80804583       -4.0601257        2.1577978 
     -0.14770025       -3.0936047        3.1849276 
      0.38259990       -2.8737800        3.6446368 
       3.0109585      -0.93996831        6.5959750 
      -1.5779619       -5.6367917        2.7332307 
      0.96349901       -4.0822698        5.8012906 
    -0.043214954       -4.6009890        3.9982346 
       

     -0.83850641       -6.9914848        4.1725568 
      0.43398673       -4.4374027        6.6673882 
      -1.3170105       -7.1617967        3.7062104 
      0.30472868       -5.1680198        5.6141112 
    -0.063538087       -5.1884638        5.4542355 
     -0.54950863       -6.0313018        5.0733730 
      -4.0229546       -12.443118        1.6351764 
     -0.69129314       -5.9665756        4.8148943 
       2.5591084       -2.1311456        9.8242995 
      -1.0810164       -6.9205560        3.8364225 
       1.8813364       -2.5046753        8.9006765 
     0.026829524       -5.2620058        5.6809508 
     -0.16835698       -5.4537349        5.2492450 
       2.8916190       -1.7616156        10.376805 
      -4.1045636       -12.411464        1.4008812 
       2.7672401       -2.2076835        10.518125 
       3.7241335       -1.4757195        12.719749 
       2.3964575       -2.0396447        9.4563672 
      -5.7149685       -15.667896        1.0929791 
       1.3737274       -3.4813469        7.7352803 
      -2.4712969       -9.8692488        2.2815210 
      0.18516715       -5.4935172        5.6210923 
      -2.3423282       -9.6324637        2.6013667 
      0.65674853       -5.4294870        6.0045248 
      -1.6730671       -8.7586928        3.0025902 
     0.071307136       -5.6966597        5.2731546 
      0.75837193       -4.5259603        6.3080991 
       1.6646712       -3.3343028        8.4647084 
       1.8466343       -2.7139840        8.6186197 
      -3.6604426       -11.478623        1.6188625 
       5.1042728       -1.3860821        14.727782 
      -9.4962248       -23.643896        1.3423682 
       6.5134488       -1.2321553        17.259720 
      0.91746905       -4.3331552        7.1315881 
      -2.5137865       -9.9519881        1.7865242 
      0.64314495       -4.4125510        6.5218264 
       1.0619153       -4.0413297        7.2762740 
       3.8228808       -1.6817896        12.573168 
       1.9063601       -2.7268996        9.2537871 
      0.12999205       -5.1244268        5.6296847 
      0.24527830       -5.2930502        5.6303291 
       2.0738458       -2.4717275        8.7949241 
      -1.5095637       -8.1016565        3.0104802 
     -0.51008720       -6.8883907        3.9502484 
     0.010260386       -5.2143734        5.4163317 
     -0.66149740       -6.4867966        4.6501952 
      -1.3972691       -7.9250857        3.3096716 
      -2.3132947       -8.9699155        2.9498844 
     0.093724303       -5.3195399        5.6944930 
      -3.0088092       -10.568031        2.2473257 
      -1.6821456       -8.4445794        3.1148773 
       2.2381894       -2.3583195        9.2024193 
     -0.99177455       -6.6069290        4.3421928 
     -0.64548740       -6.2162333        4.8313090 
      -2.1589688       -9.9193429        2.3420541 
       5.9155907       -1.4255325        16.806967 
      -2.7198788       -13.266415        3.8839307 
       1.7163764       -2.1400086        7.4340881 
    -0.023732147       -8.2194622        8.3155322 
       

     0.089077966       -1.7049244        1.9799453 
     0.024126599       -1.8123739        1.7445586 
     0.045680205       -1.7517700        1.8058775 
    -0.055567717       -1.8686292        1.7994386 
    0.0070615576       -1.7537053        1.7972419 
    -0.031522621       -1.7797379        1.8055260 
   0.00080766452       -1.8184086        1.7605399 
    -0.073014531       -1.8151232        1.6557303 
    -0.062903833       -1.8355796        1.8343304 
     0.053561220       -1.7768603        1.8664923 
    -0.022267747       -1.9912449        1.6471933 
    -0.041372961       -1.9133635        1.7671888 
    -0.076504216       -1.9291827        1.6857112 
     -0.13197072       -1.9324889        1.6914949 
     -0.12447323       -1.9723833        1.6416655 
     -0.27340110       -2.2675206        1.4288534 
     -0.29644825       -2.1926728        1.5450957 
     -0.46436530       -2.4485038        1.3967864 
     -0.24536007       -2.1677865        1.5493243 
     -0.41676347       -2.4539704        1.3742863 
     -0.26017767       -2.2993836        1.4482158 
     -0.11819464       -1.9423692        1.6745666 
   -0.0034014109       -1.9503517        1.7053227 
     0.018808542       -1.7704101        1.8107740 
     0.055797084       -1.7750572        1.7846450 
      0.17415431       -1.5742701        2.0497431 
      0.43953204       -1.2978986        2.4426055 
      0.53855495       -1.1121836        2.6789487 
      0.54977017       -1.1358231        2.7028621 
      0.60569079       -1.2844640        2.6580441 
      0.51371273       -1.2255909        2.5782567 
      0.38688125       -1.4859158        2.2705764 
     0.048941409       -1.7662336        1.8256770 
      0.14079822       -1.5765120        1.9754122 
      0.17601338       -1.6629838        1.8864289 
    -0.087042576       -1.8696589        1.8039110 
    -0.048879940       -1.9852650        1.7515625 
     -0.15860511       -2.1038269        1.5793363 
     -0.24252924       -2.0445990        1.6339422 
     -0.24620139       -2.1808597        1.5298857 
     -0.14764367       -2.0255309        1.7043844 
     -0.13173490       -2.1576089        1.5048275 
     0.069909869       -1.6288942        1.9780356 
      0.16168213       -1.6948337        2.0690909 
      0.16310731       -1.6170757        2.0892730 
     0.088951741       -1.6624518        1.9969035 
     0.062839711       -1.6300908        2.0442898 
    -0.043525397       -1.7955001        1.9540013 
     -0.19728451       -2.1171590        1.5367398 
     -0.28438396       -2.0808887        1.6704620 
     -0.27964228       -2.2316565        1.4282780 
     -0.32309167       -2.4891669        1.4059218 
     -0.37906648       -2.3457539        1.4324029 
     -0.22468937       -2.1179944        1.5447907 
     -0.25648642       -2.0997652        1.6010577 
     -0.33004137       -2.3260737        1.4884539 
     -0.16120040       -2.2253054        1.5162782 
    -0.054263319       -1.9059341        1.6981077 
    -0.010594385       -2.0665705        1.7940243 
      

     0.013740519      -0.44473708       0.49504196 
     -0.23604873      -0.70566898       0.25335358 
      0.27702796      -0.23715526       0.76506912 
      0.20068083      -0.25530891       0.67384957 
    -0.065534614      -0.51792439       0.41227135 
     -0.18865864      -0.64457065       0.26946686 
     -0.24732295      -0.71547265       0.21815647 
     -0.32353056      -0.76652073       0.17358500 
     -0.10023933      -0.59058068       0.39902673 
     -0.13299375      -0.60869264       0.32855588 
   -0.0092432884      -0.43989310       0.46813437 
    -0.067380375      -0.55275473       0.37927740 
     -0.16509266      -0.63726850       0.29076738 
     -0.49881392       -1.0493944      0.022963866 
      0.65568108      0.094846279        1.2395431 
    -0.048516191      -0.57903161       0.41058411 
      0.11717591      -0.34924793       0.56644640 
      0.20421041      -0.28481554       0.64787064 
   -0.0055485952      -0.52913391       0.54935523 
    -0.038570117      -0.51701260       0.41988667 
     0.064347506      -0.36997615       0.54488375 
     0.096833323      -0.37446827       0.56683596 
      0.17992169      -0.29796164       0.66876242 
     -0.32272740      -0.80370992       0.14753993 
    -0.085741893      -0.56380072       0.43047356 
     -0.25342902      -0.79559182       0.33059869 
     -0.14923106      -0.67449386       0.32560232 
      0.57291622      0.043096219        1.0783607 
    -0.037435923      -0.53405912       0.43638456 
    -0.084322530      -0.57678041       0.36400662 
      0.17203361      -0.33553122       0.67489048 
     -0.46406908      -0.97969260      0.041269386 
      0.16432630      -0.33116790       0.68817392 
     0.093405613      -0.36169240       0.57799456 
    -0.061055232      -0.54667659       0.41144950 
     0.048559335      -0.41537970       0.53674553 
     0.076190567      -0.38546273       0.52512545 
    0.0073595962      -0.44669696       0.46626750 
      0.28058763      -0.18752791       0.76334298 
     0.011957396      -0.43805834       0.47443428 
     0.066064506      -0.39402074       0.54100761 
     -0.13342191      -0.59565012       0.32703533 
     0.029251097      -0.44128597       0.47875916 
    -0.032909210      -0.48263948       0.46232875 
      0.11311023      -0.36700692       0.61356964 
     -0.54153065       -1.0093676     0.0059332008 
     0.049072676      -0.43950009       0.54330564 
      0.20328378      -0.28319319       0.69013076 
     -0.27507777      -0.74628076       0.20279818 
     -0.17090419      -0.60834690       0.31916977 
     -0.29599620      -0.75437086       0.17910457 
      0.12008756      -0.32808274       0.59616203 
    -0.029560458      -0.49245179       0.42054537 
     -0.13726800      -0.63794094       0.31292758 
     -0.45571474      -0.99428796      0.076593564 
      0.41493843      -0.10315733       0.97309912 
    -0.039216242      -0.45152124       0.42619437 
      0.12250673      -0.30979809       0.56550819 
    0.0046465558      -0.65445218       0.63419767 
      
      0.32544151      -0.84542274        1.6340535 
     -0.33723524       -1.6939355       0.70399892 
     -0.26777293       -1.5522540       0.75625129 
      0.43501294      -0.68141039        1.8132984 
      0.12766371      -0.93960187        1.3166959 
    -0.073194491       -1.1314251        1.1150784 
     -0.31012892       -1.5720137       0.74956525 
      0.15554275      -0.97183016        1.2716519 
      0.22016125      -0.92226360        1.3421058 
     -0.36087836       -1.6312933       0.73603937 
     -0.35828517       -1.5805287       0.72208447 
      0.43136213      -0.75286261        1.7267631 
      0.12111560      -0.95653629        1.2682616 
    -0.079167166       -1.2145934        1.0196734 
     0.072764928       -1.0952251        1.2535315 
     -0.16272498       -1.2991960       0.96870701 
     -0.38128868       -1.7360103       0.70051153 
      0.43483514      -0.67234440        1.7750924 
     -0.90057727       -2.7658160       0.49238273 
      0.53763407      -0.68480816        1.9003116 
     0.056145393      -0.97567575        1.1860291 
      0.52705662      -0.57448136        1.9828740 
     -0.68965394       -2.2469060       0.55235904 
      0.16971335      -0.84999862        1.3813186 
      0.51889302      -0.66822994        1.8712071 
       1.0451495      -0.45580414        2.9108139 
    -0.020840714       -1.1647543        1.1162972 
      -1.0427590       -2.8773410       0.37401986 
      0.31537684      -0.75799230        1.6267004 
    -0.076784297       -1.2075535        1.1292163 
      -1.1043914       -2.9946818       0.42690033 
    -0.081573062       -1.3865652        1.1563006 
     -0.37713951       -1.6790639       0.89161687 
     -0.69043329       -2.2479706       0.58691513 
     -0.89746823       -2.7192487       0.49786664 
      0.44131172      -0.70115885        1.8366647 
     0.078809462       -1.0226269        1.2906995 
      0.39475892      -0.64452177        1.7422294 
    -0.034684376       -1.1423062        1.0109973 
     -0.15661134       -1.3719668       0.90954976 
     -0.14680460       -1.2355598        1.0220850 
     0.029146170       -1.1630020        1.0755119 
    -0.036845019       -1.0949094        1.1138535 
    -0.068303989       -1.2540069        1.0279915 
    -0.010804781       -1.1541046        1.1108301 
      0.70992966      -0.53657691        2.2105619 
      0.44159607      -0.67757110        1.8953151 
      0.69910336      -0.52870844        2.3216379 
      0.35346580      -0.69331229        1.6779663 
      0.12325836      -0.90446288        1.3784855 
     0.097755396      -0.95971644        1.2389827 
      0.44263103      -0.79963575        1.7468625 
      0.23572015      -0.89182890        1.4516476 
     -0.16942482       -1.4215424       0.93285336 
     -0.81812349       -2.6278873       0.51514574 
     -0.52113081       -1.9476712       0.67075406 
     -0.27750572       -1.5237621       0.87939779 
     -0.19691755       -1.3394105       0.83374260 
   -0.0049373251       -1.5161592        1.5071092 
      

      0.10343378      0.031548774       0.17654460 
    -0.011868449     -0.077997956      0.053880570 
   -0.0053376047     -0.067090787      0.062708704 
      0.16773896       0.10181375       0.23194427 
     0.077491800      0.012324917       0.13584240 
     0.015903498     -0.047009339      0.077767597 
     0.019245114     -0.038657799      0.081483553 
    -0.049779062      -0.11051277     0.0079047843 
     0.058358486    -0.0029729284       0.11964000 
    -0.041252149      -0.10134467      0.017382145 
    -0.043186420      -0.10125398      0.018093818 
     -0.10852711      -0.16603322     -0.045437190 
     0.022650536     -0.037106578      0.083166362 
   -0.0095158550     -0.066377127      0.051101600 
    -0.021484989     -0.085153234      0.040814449 
    -0.036336178     -0.092515542      0.023903026 
     0.062384697     0.0037769608       0.12176004 
      0.27711774       0.21187950       0.34003156 
     -0.11549243      -0.19420326     -0.037310205 
     -0.25538886      -0.32354603      -0.18669921 
     0.065287789     0.0081111616       0.12369694 
    -0.033488803     -0.094055862      0.027567485 
     0.035010467     -0.031471230      0.099738707 
    -0.086862519      -0.15948634     -0.013980970 
    0.0013463998     -0.063560067      0.063013724 
     0.034847517     -0.029089766      0.094804083 
    -0.059282286      -0.12287028     0.0039827374 
     -0.12693425      -0.19281560     -0.061078589 
    -0.011725032     -0.075901633      0.056790719 
    -0.078706612      -0.13976832     -0.012570069 
     -0.12054441      -0.17957104     -0.057964847 
    -0.011239575     -0.075477265      0.050402866 
     0.057904826     -0.011716197       0.12496269 
     0.087461055      0.014845580       0.15972114 
     0.058679615    -0.0041362452       0.12424587 
     0.092634541      0.019306494       0.16484057 
     0.069731689    -0.0018445960       0.14581109 
      0.11795859      0.036804020       0.18989878 
     0.092691873      0.022475596       0.15910022 
     0.080281241      0.017468273       0.14927033 
    -0.055270028      -0.12528063      0.011374012 
    -0.083199043      -0.15384184     -0.012214299 
     -0.13012429      -0.19990820     -0.062042345 
     -0.13479246      -0.19832862     -0.065375423 
    -0.055870048      -0.11522841     0.0053281848 
 -9.2896754e-005     -0.062942890      0.056778415 
    -0.047980945      -0.10591472      0.011527023 
    0.0051494203     -0.054710265      0.064014098 
     0.056362614    -0.0071315331       0.11274230 
    -0.043657775      -0.10684410      0.016036910 
     0.023800806     -0.044258753      0.083873951 
     0.029607663     -0.035379941      0.092337546 
     0.071436251      0.012065138       0.13345350 
      0.11779979      0.058728014       0.17710590 
      0.11696563      0.046947413       0.19239079 
    -0.091947425      -0.15236950     -0.030225856 
    -0.078202103      -0.14075884     -0.014978704 
    -0.059526278      -0.12379208      0.012166972 
    0.0017371954      -0.16643027       0.15587366 
