      

       3.5347005      -0.91229458        8.0352187 
    -0.098960197       -2.7298138        2.8348525 
      -3.9060862       -8.9365049        1.0094922 
      -1.4869894       -4.5166399        1.3921421 
     0.079340641       -2.7089331        3.3316135 
      -3.8753457       -9.8167815        1.9789502 
       1.0649454       -3.3004558        5.1370479 
     0.073534815       -3.6343918        4.1339829 
       2.5668793      -0.62712771        5.6147512 
       1.5436043      -0.86482814        4.0802777 
       2.0291836       -1.4197596        5.5982142 
     -0.40373658       -2.5503978        1.8978293 
      0.48990318       -2.1116237        3.2205020 
       2.8799947       -1.7234506        7.4376999 
      -2.1927864       -5.7818085        1.0165768 
      0.74234473       -2.7170223        4.2885749 
      -1.2768862       -3.9718138        1.3201223 
       1.7312946       -2.1294308        5.4331506 
      -3.0819373       -6.5057673       0.23993957 
      -2.4572008       -6.7113665        1.4554680 
      -1.4903206       -4.8814501        1.9096446 
      -2.4178164       -7.4952925        2.3633733 
     -0.13158002       -3.9240740        3.7928554 
      -2.2335851       -7.1098874        3.2755426 
       3.2497075       -1.4498106        7.5180407 
       1.3497479       -1.4250294        4.3388732 
      0.34148322       -5.6944399        5.3621389 
     -0.31642465       -3.7825914        3.7349828 
     -0.33977699       -2.9846742        2.1772736 
       1.1284521       -1.8971102        4.5367656 
       3.2529515      -0.75653282        7.2297391 
     -0.98012013       -8.3394093        5.4493371 
      -1.3137427       -9.1819604        7.0725682 
       1.8638320       -1.0011922        4.4934361 
       1.1952652       -2.8698616        5.2486324 
       4.0102629      -0.13350537        7.9305517 
       3.4184875      -0.75784081        7.4252782 
       2.8160959       -1.7711952        7.7152067 
       1.8294853       -4.2064053        7.0882794 
      0.45411969       -2.5269123        3.0763047 
      0.58440272       -2.5177167        3.3992747 
    -0.015161688       -2.6181756        3.0218008 
      -2.5603285       -6.4745294        1.6074681 
      -3.6611765       -7.8448832       0.54839210 
      0.41276015       -1.8793710        2.9692021 
      -4.5642748       -9.6446283       0.45807678 
      0.87494313       -3.4586953        5.0874430 
      -1.0453082       -3.8314880        2.5404825 
      -2.0572245       -4.5506183       0.84991687 
      -3.4866568       -8.0310391        1.3058720 
     0.065723997       -3.6798260        3.6309447 
       2.4731139       -1.3674603        6.3266124 
       1.5013522      -0.83168799        4.0824336 
      0.53221511       -2.0954309        2.8320595 
     -0.98738460       -4.3491038        3.3959887 
       3.5288788       -3.1346077        11.663079 
      -4.9779970       -11.930281        1.5394595 
       3.7372806      -0.91040099        8.6585086 
    -0.049045347       -5.7939387        5.0810134 
      

       2.7044665       -1.6891734        6.6617493 
      -3.0003451       -8.5038346        1.2871004 
      -1.0583207       -4.1640465        1.7877599 
     -0.76896160       -3.3882003        1.8863850 
       1.6126518       -1.9730393        5.0301041 
      -4.5787459       -9.4816572      -0.19094081 
      -2.0550036       -6.4875859        2.4702010 
       2.9717480       -2.7270014        9.3769507 
       2.8021552       -1.2158829        7.0583169 
     -0.84505518       -3.9672648        2.3693117 
       2.2333770      -0.68898526        5.8247411 
     -0.24098104       -2.6409173        2.6481561 
       2.7713156       -1.1743633        7.3315352 
       2.0595190      -0.75001457        4.9199085 
     -0.60707799       -3.5273769        2.3313780 
       1.2306428       -2.6311148        4.5597036 
      -1.8842943       -6.0945346        2.0604269 
      -3.1963000       -7.5221766       0.73293695 
      -4.7074997       -8.5625087       -1.0296713 
      -3.7130038       -8.3794929       0.10759447 
      -1.9829512       -5.3456513       0.78850267 
       2.4331952       -3.6733681        8.5568400 
      -2.8535526       -7.3016142        1.1647993 
      -2.4035477       -7.3198915        2.0176246 
       6.3525802       -1.3881576        16.294162 
      -1.5076316       -8.4038058        3.9774205 
      0.33084823       -3.3020746        4.6500318 
      0.52775620       -3.2181161        3.9297254 
       1.5813333       -2.8319982        6.0223742 
      -2.5037691       -7.6523113        2.2491701 
       5.4491334     -0.065259318        12.630237 
      -2.8790742       -8.3046766        3.0151302 
       3.6587128       -3.3579000        10.493318 
      0.47179676       -2.4619136        3.6504573 
       2.5758768      -0.97923487        7.0953290 
       5.3939349        1.0163079        10.669496 
     -0.89598421       -6.6754617        3.8002701 
      -1.0054950       -5.1822057        3.1931906 
       5.0958167      -0.36623986        11.244530 
      0.40903433       -2.4373182        3.0869563 
     -0.93789176       -4.3090312        2.5767637 
      -1.8556687       -6.4529050        1.6267124 
      -2.4588890       -6.1043092       0.97152900 
     -0.80373132       -3.4315143        1.8327404 
      -1.5369793       -4.3317539        1.3121620 
      -3.1889734       -7.1239902       0.30175770 
      0.89797130       -2.0986797        4.7632050 
      -4.8042316       -9.6902368      -0.53510984 
     -0.91229317       -3.3281626        1.4877612 
      0.15132035       -3.1966831        4.3627299 
     -0.15177888       -3.5681582        2.7925486 
       1.2789659       -2.1733821        4.5917722 
      0.60793648       -1.8140507        3.1192154 
       1.2730507       -1.2522938        4.1196430 
      -1.8438860       -5.3023332        1.8573163 
      -1.6013616       -8.9969392        4.2669389 
       2.4975747       -4.8802392        11.567059 
       3.5430456       -1.5275467        8.1799954 
    -0.015095252       -6.1684536        5.8684319 
       

      0.30523774       -1.1446872        1.5098002 
    -0.019643977       -1.2922822        1.3932587 
    -0.011056801       -1.3744073        1.1467591 
    -0.082846796       -1.2689458        1.2438338 
      0.22299137       -1.2074852        1.4183326 
     -0.20009189       -1.3330957        1.3060970 
     -0.35154559       -1.4416545        1.2278111 
   -0.0061986916       -1.2001989        1.4061593 
      0.16720085       -1.0829280        1.5463544 
     -0.11760749       -1.3547241        1.3059445 
      0.12322043       -1.2724829        1.3580112 
    -0.076990764       -1.3324977        1.2338737 
      0.12084235       -1.2169438        1.3694262 
      0.20415526       -1.1982731        1.3725171 
     0.036978716       -1.3082144        1.2484813 
      0.22618804       -1.1703700        1.5152071 
     0.037329418       -1.3262370        1.2810767 
    -0.051145339       -1.2748265        1.1925264 
    -0.096593312       -1.3417300        1.2220472 
     -0.19537706       -1.2970536        1.3310774 
     -0.20586254       -1.4599933        1.1791429 
      0.21584180       -1.2831009        1.4443578 
    -0.078985387       -1.3794291        1.2452132 
     -0.45397456       -1.6425734        1.0930368 
      0.24947594       -1.1240121        1.4967411 
     -0.10805073       -1.4195781        1.2586834 
    -0.062369625       -1.3366655        1.2070088 
    -0.080596240       -1.2206709        1.3661192 
     0.096597600       -1.1860461        1.4144326 
     -0.34405093       -1.5126630        1.2613791 
      0.29406946       -1.0928355        1.6557997 
     -0.16821993       -1.6852473        1.0504270 
      0.10625986       -1.3235498        1.3136774 
    -0.044122525       -1.4067064        1.2163599 
      0.10550069       -1.3706779        1.1999885 
      0.41105785       -1.1886084        1.5370034 
     0.055659372       -1.3633815        1.2464465 
     -0.12956311       -1.6076415        1.1079631 
      0.25204421       -1.3055066        1.4582100 
      0.15005202       -1.2815069        1.2498672 
      0.14480187       -1.2723991        1.2982127 
    -0.035634541       -1.3169937        1.2595805 
     -0.14265922       -1.3546101        1.2387207 
   -0.0088093374       -1.2862074        1.3594886 
    -0.022950776       -1.2528260        1.2810009 
     -0.29389885       -1.4179140        1.2383356 
      0.12654314       -1.1527884        1.3907353 
     -0.24597976       -1.4198679        1.2147659 
     -0.10667946       -1.4395279        1.1979688 
     -0.10689102       -1.3195245        1.2457494 
     -0.14740557       -1.3078877        1.2954705 
     0.068398194       -1.3533687        1.1651632 
    -0.021750745       -1.2449455        1.3285198 
      0.15924565       -1.2564634        1.4040620 
    -0.047223360       -1.3647784        1.3568853 
     -0.34943637       -1.5721547        1.2447959 
    -0.061575744       -1.4726268        1.3012029 
      0.23838336       -1.0368188        1.3726178 
     0.034122044       -1.3303171        1.2710095 
      

       4.7407234       -2.9527037        12.222502 
      0.11403116       -12.175130        10.549311 
      -4.4559391       -12.874876        4.3433265 
    -0.060531353       -6.1378734        5.8677117 
       1.2351275       -8.9453686        9.1776962 
      -3.1440441       -18.798941        7.4942995 
     -0.58159254       -12.218892        14.366010 
      -1.5519473       -8.0305039        4.4291468 
       4.4488591       -1.1947245        10.084142 
       4.1164869      -0.98181884        8.8045003 
       1.3873403       -3.0090394        6.1102073 
      0.75270414       -4.1814063        5.2644378 
     -0.61874089       -5.3509723        4.3530422 
       3.0344404       -3.0048707        10.688889 
      0.98947035       -5.8999076        7.4989778 
      -6.7200873       -15.544778        5.0301842 
    -0.095144763       -8.4128365        9.0805471 
      0.14358816       -6.8477174        7.4417860 
      -3.0268271       -16.296454        8.0923755 
      -4.9401749       -15.826389        8.3040104 
      -3.3638855       -12.705230        5.4817215 
     -0.99747139       -7.9153112        6.3474719 
       5.9804553       -7.6610502        14.791676 
       2.2326674       -12.632169        13.082183 
       4.4791246       -3.5777475        11.551153 
     -0.37651079       -13.197631        13.249641 
      -5.0592287       -20.054784        12.524915 
       4.8261291       -4.0408352        13.397025 
       2.3067970       -2.2292144        7.3897277 
       1.7305696       -3.5086202        6.9944244 
       3.3891664       -3.4531185        13.928144 
       15.211982       -4.7546050        35.306649 
      -16.677232       -39.250424        3.4828714 
       1.2217107       -4.5589507        7.4662736 
       2.7536604       -20.160920        20.954701 
     -0.54396727       -6.3437337        7.8307037 
       3.8245049       -1.6047949        8.7699412 
       5.1038440       -11.329764        17.768475 
      -2.9456992       -21.208951        21.241051 
      -3.8085083       -14.493011        7.1475485 
      -1.7817373       -8.1275505        4.9019193 
       1.5239438       -12.851257        14.915256 
      -3.5399216       -10.531338        4.0958800 
      -2.1579314       -13.760487        7.3213777 
     0.043368690       -3.7007756        4.3499203 
      -3.3783388       -10.999558        4.3791787 
       1.7299044       -3.2091374        7.5356196 
      -1.6406846       -10.681039        6.9086530 
      -1.5856830       -7.9286649        3.2475366 
      -1.1665136       -23.601100        20.095821 
      0.50448601       -9.3132863        8.4588411 
      0.46485028       -16.683548        16.471501 
       1.9746126       -4.2781937        8.5306834 
      0.38633264       -9.1871000        7.6109539 
     -0.33219938       -6.0889854        4.3347290 
       1.9176072       -19.971152        28.960686 
      -3.4669684       -14.579973        6.6992543 
       3.0143983       -3.7839542        10.885736 
     -0.13019314       -13.843883        13.902111 
      

      0.39509556      -0.32986568        1.1331275 
      0.12336362      -0.34597641       0.65529610 
     -0.15276486      -0.69680143       0.40716631 
     -0.23804628      -0.71342057       0.28680421 
    -0.072863756      -0.74862717       0.63150871 
     -0.24192086      -0.98418992       0.48374325 
     -0.14353476      -0.75220708       0.63255438 
     -0.10037722      -0.83389538       0.94680483 
      0.14919144      -0.56288428        1.2174553 
      0.24949141      -0.54404119       0.89111416 
      0.18604688      -0.30236570       0.71700226 
      0.20826997      -0.29050802       0.73018966 
      0.25620767      -0.24957019       0.82535189 
      0.17003879      -0.37705136       0.67971657 
      0.42872045      -0.64781043        1.1890248 
     -0.16985584      -0.86421551       0.52217328 
     -0.24475834      -0.86819503       0.40769391 
     -0.26151699       -1.4564726       0.54986433 
   -0.0046543887       -1.1348015       0.79505031 
     -0.37292187       -1.7098126        1.0945413 
     -0.17386701      -0.86468428       0.76091052 
     0.035074310      -0.65408145       0.94861221 
    -0.033781673      -0.74227834       0.84649588 
     -0.31904863       -1.2313631       0.67255478 
      0.44257705      -0.85838103        1.8127691 
      0.21284903      -0.52452597        1.0365793 
     -0.35831344       -1.3633389        1.3182696 
      0.50449948      -0.39610910        1.6090331 
     -0.15512324      -0.81669211       0.50569831 
     0.080860980      -0.55787970       0.63831193 
      0.38969806      -0.29257215        1.0819228 
      0.56193600       -2.1545742        3.0001644 
     -0.32302068       -1.7713778        1.2169106 
     -0.17378059      -0.69895205       0.45714817 
      0.26426269      -0.63371847       0.97995454 
      0.18538470      -0.63883035        1.0489432 
      0.21900470      -0.38586276       0.87578972 
      0.32841541      -0.87205814        1.2658263 
      0.20138903      -0.43135081       0.81192006 
    -0.063345526      -0.54748947       0.42048945 
     0.026619506      -0.47845473       0.45868566 
     -0.25357540      -0.95127451       0.29317646 
     -0.28123655      -0.78208211       0.19848586 
     -0.26625897       -1.0477527       0.50670614 
      0.14662744      -0.37583819       0.72718672 
     -0.66938566       -1.5560011      0.096073990 
      0.11437933      -0.49842985       0.71959604 
    -0.012746100      -0.71855311       0.53793327 
     -0.36029277       -1.1014172       0.41887011 
     -0.29385758      -0.93303418       0.20799792 
     -0.22950642      -0.87926178       0.47206674 
      0.45777721      -0.21151942        1.1119754 
      0.20349398      -0.32817076       0.73758852 
      0.48499016     -0.087114500        1.0566840 
    -0.031511286      -0.58897299       0.50305893 
   -0.0048183503       -1.7176492        1.1254043 
     -0.45548887       -1.2710187       0.23783561 
      0.32589407      -0.41672222        1.0416925 
   -0.0035942101       -1.0420779        1.0548127 
      

      0.10212027       -1.9373833        2.4213578 
       1.2520020      -0.89128628        3.0708497 
      -1.4165340       -4.9728624        1.7042922 
      -2.1367116       -5.3282818       0.18435628 
     -0.97071871       -3.5902428        1.0333242 
      -1.8384413       -6.8585631        2.2958743 
      0.47004118       -1.3237199        2.4152709 
     -0.20893767       -2.9080163        1.9604673 
     -0.24574125       -2.2983947        1.7890847 
    -0.082723741       -1.9523340        2.3382046 
       1.2956485       -1.0162755        4.1139740 
      0.15850137       -1.4484109        1.9812063 
      0.21305292       -1.2957734        1.7449003 
      0.99155204       -1.6070469        4.0037445 
      -1.2785309       -3.0415634       0.69891718 
       1.2511097       -1.4908918        4.0773052 
     -0.61545026       -2.5879336        1.2771710 
      0.83827590       -1.5584741        3.7611770 
       1.5947785      -0.82617133        4.0117592 
       1.1128873       -1.7978530        4.4599849 
      0.86007368       -1.5899649        2.9927143 
      -1.3803127       -4.8019716        1.4899288 
      -1.2905714       -4.1422497        1.4912858 
      -3.5709782       -7.0437291      -0.34995678 
      -1.1676435       -3.9697284        2.2436511 
       1.3420415      -0.89777882        3.5680918 
       2.0631728      -0.76514539        5.8054325 
     -0.38381329       -1.8960348        1.2335070 
      -1.0565541       -2.6586340       0.47652322 
      0.41827761       -1.1325028        2.4705638 
      0.83417709       -1.3663741        3.5492277 
      -2.5015740       -8.8834148        3.8164787 
     -0.24619362       -5.4558466        5.4198778 
     -0.13314733       -2.5847429        2.1425102 
      0.88610909       -2.2772453        3.6480365 
       1.2637926       -1.2412229        3.9795061 
       1.3321004      -0.45694365        3.4792156 
       2.3320796       -1.3864325        6.4973517 
      0.41642351       -2.5206965        3.3654293 
      0.36357905       -1.8367088        2.6082070 
       1.2401401      -0.79378677        2.9376227 
     -0.95757504       -2.6929759        1.2753482 
      -2.0398705       -4.4836577       0.25681573 
      -1.8899333       -5.5864428        1.1088368 
      0.10962405       -1.5498631        1.5436312 
      -2.3946551       -6.1147294       0.51117760 
      0.50873395       -1.1927291        2.7493895 
       1.1728350      -0.64948450        2.9348383 
      0.39937734       -1.2749765        2.1053239 
      -3.2466833       -6.1589801     -0.070095177 
      -1.2742456       -3.6407269       0.50634903 
       2.8401527       0.47512932        5.4654134 
       1.7216921      -0.49883301        4.1188810 
       1.8102743      -0.13660232        4.0534071 
     -0.39504338       -2.8099346        1.4630093 
      0.84613652       -4.0112829        6.0266264 
      -3.3693074       -6.7771542      -0.37365263 
      0.20157212       -1.3123405        1.9879740 
     0.012623599       -3.5682147        3.6434059 
      

     0.078716415      0.017078751       0.14194737 
    -0.045921930     -0.096929308     0.0084774355 
    -0.034126173     -0.083779102      0.015280168 
      0.17587021       0.12506459       0.22849456 
     0.079306380      0.022939238       0.13256095 
     0.019659968     -0.026624441      0.069390747 
    0.0092448992     -0.048010475      0.067041531 
    -0.020764800     -0.065648737      0.030588801 
      0.11561223      0.057038347       0.18228595 
   -0.0037625916     -0.053770652      0.053991172 
    -0.042940682     -0.088989164     0.0025086928 
    -0.098056928      -0.14833108     -0.045667383 
     0.022218039     -0.027807445      0.072160419 
    -0.022394640     -0.072232762      0.027673960 
    -0.023949212     -0.074218448      0.025671715 
    -0.068867370      -0.14413877     0.0035486056 
     0.060169397      0.017813583       0.10264765 
      0.26477511       0.21231023       0.32425826 
     -0.18395037      -0.23964185      -0.12896254 
     -0.30627323      -0.36520833      -0.24858321 
     0.074743215      0.019528482       0.13193986 
     0.012045380     -0.057759231      0.080142307 
     0.067238691    -0.0094399527       0.14775077 
    -0.078737109      -0.13308194     -0.017362858 
  -0.00074988755     -0.056958340      0.053635418 
     0.018851502     -0.044371631      0.084857586 
    -0.073913811      -0.14205728     -0.011296711 
    -0.068280162      -0.14423987      0.017520059 
     0.040028643     -0.047593165       0.12620477 
    -0.056194580      -0.12388058      0.010016289 
     -0.10091784      -0.17249213     -0.030844639 
    -0.011359550      -0.10200746      0.071231407 
    -0.013518677      -0.19142323       0.12945532 
      0.11306336      0.046682800       0.18116912 
      0.10404596      0.023018505       0.18010672 
     0.069126303      0.022258131       0.11858958 
     0.047445227    -0.0063292402       0.10226378 
     0.078656796      0.014727794       0.14359676 
    -0.023237657      -0.16550704       0.10958869 
    -0.015821179      -0.10545313      0.080277445 
     -0.13841840      -0.21804239     -0.053991812 
     -0.15903101      -0.23159844     -0.084076549 
     -0.18270196      -0.24895394      -0.12030045 
     -0.14171386      -0.18651699     -0.096504505 
    -0.075143655      -0.12206111     -0.028852630 
    0.0042906399     -0.045469048      0.051384022 
    -0.040317753     -0.086264897      0.010311429 
     0.025631260     -0.023097247      0.080051244 
     0.065341840      0.017857431       0.11491624 
    -0.017981082     -0.069725283      0.034284248 
     0.084103408      0.016459863       0.15244088 
     0.076576873      0.027744862       0.12900447 
      0.10000902      0.061750769       0.14370872 
     0.099444959      0.049876395       0.15738726 
     0.069021439    0.00081066349       0.14607258 
     -0.12947313      -0.22029080     -0.033586998 
    -0.071506373      -0.12074516     -0.019995065 
    -0.041530631     -0.086564945     0.0038360636 
   -0.0017946611      -0.16866230       0.18302975 
