      

     0.074122616       -1.6670676        1.9500013 
      0.51941547       -1.3678326        2.4323008 
      -1.4432048       -3.3453426       0.52686120 
       2.2931794       0.21896947        4.2610479 
     -0.13235370       -1.9971527        1.5727805 
       2.9078775       0.47618189        5.3203887 
      -2.4645527       -4.6767019      -0.29532985 
     -0.78081010       -2.6035222       0.99743992 
       2.0779243       0.27398863        4.0253163 
       1.1139387      -0.76926093        2.8857492 
      -1.8701505       -3.8208462       0.19611255 
       1.7429349      -0.19773436        3.6247444 
      -1.1263504       -2.9572227       0.77557773 
      0.16171563       -1.7239131        1.8448089 
      -1.1071362       -3.1234831       0.61075807 
       1.6842997      -0.38658784        3.6933881 
      -1.3341164       -3.1173733       0.64519502 
       3.4118128        1.0032698        5.7667598 
      -7.0826521       -10.526610       -3.8018054 
       1.4930107      -0.81322088        3.5718186 
     -0.49548530       -2.1929806        1.3119761 
      -1.7786160       -3.5873471      0.079690648 
      -2.7094696       -4.7588235      -0.77161013 
      -2.2092189       -4.4941255      0.019016550 
      0.88142095       -1.0162404        2.8403155 
       1.0122449      -0.80404209        2.8585058 
      -1.4715935       -3.5708223       0.49276014 
     -0.25528263       -2.2207539        1.7741734 
       1.7365853     -0.082107153        3.6564073 
     -0.65064224       -2.4851884        1.1364297 
      0.37405076       -1.6406440        2.2922767 
      -3.7654641       -6.6883957      -0.79591553 
       4.8297414        1.8993669        7.8776250 
       3.6424653        1.1473578        5.9685474 
      -1.8467206       -3.9787876       0.34462057 
       5.6341830        2.9509173        8.7991006 
      0.68550714       -1.2249798        2.7017918 
       1.7517397     -0.079412175        3.7442377 
      0.42274391       -1.4446505        2.3233530 
       3.2443901       0.83887774        5.5892917 
     -0.16621145       -1.9508370        1.7193808 
       1.5105602      -0.58326218        3.3980154 
      0.58202798       -1.2927161        2.4316050 
      -2.3080157       -4.1536930      -0.31269577 
      -1.2425926       -2.9817783       0.59703824 
      -1.1385527       -3.0461176       0.72898499 
      -2.0523450       -4.1756401       0.20706153 
      0.44226050       -1.4542482        2.3486914 
      0.10837313       -1.6175026        2.0441339 
     0.027647512       -1.8336325        1.8947705 
      -2.3216384       -4.4570942     -0.090890179 
     -0.28290282       -2.1729560        1.6784867 
       1.8651617      -0.28675013        3.9143499 
      -1.9071120       -4.1726524       0.47695795 
      -5.7215580       -9.1177563       -2.3154602 
       4.5625623       0.95280321        8.2535729 
     -0.63239967       -3.1614231        1.9405031 
     -0.76838147       -3.5352088        1.7650392 
     0.030382777       -3.9241434        4.3850505 
       

     -0.55287983       -3.2733087        2.1644230 
     -0.41104024       -3.1433232        2.3544340 
      -1.0697034       -3.8134574        1.6838558 
     0.090687035       -2.4701413        2.9191274 
     -0.84732112       -3.5581868        1.6902113 
      -1.5333058       -4.3216283        1.2946556 
      -1.8482074       -4.5786848        1.1081218 
       1.6188676       -1.3340464        4.4662826 
       1.1145179       -1.8282225        4.2100940 
     -0.46332462       -3.2722032        2.4035425 
       2.0723198      -0.72317281        4.8663180 
      0.43273476       -2.2764710        3.0277964 
       1.0468497       -1.7630351        3.5838744 
       1.4775436       -1.3275072        4.2263442 
     -0.92871468       -3.8418020        1.9730447 
       3.3547738       0.17827940        6.3840890 
      0.80676856       -1.9532640        3.7677833 
      -2.3178927       -5.2538181       0.76146238 
      -5.1909187       -8.6628079       -1.4560936 
     0.060094781       -3.1808406        2.8441614 
      -2.6049440       -5.3394388       0.30664278 
     -0.89665332       -3.5699725        1.8271026 
      -2.5036319       -5.5644674       0.43567359 
     -0.77729765       -3.6002467        2.1208434 
     -0.22763699       -3.1052158        2.5702678 
       1.0559931       -1.8594906        3.8063644 
      0.61602132       -2.2665277        3.4407003 
       2.1539926      -0.77482836        5.0375683 
      0.99296398       -1.6408109        3.7931654 
     -0.64480948       -3.4954735        2.1278664 
       2.0406461       -1.0260120        5.1223551 
      -2.3888361       -5.8639210        1.2790030 
       5.4358717        1.2518676        9.1119286 
      0.34311184       -2.3888280        3.2175056 
      0.20994156       -2.4600739        3.0092436 
       3.3437910       0.32332864        6.3465961 
       3.0944062       0.11582841        5.8578593 
       2.9944125    -0.0042713881        5.9323550 
      0.40209187       -2.3275409        3.3117407 
     -0.47120456       -3.2942552        2.3993711 
     -0.19495495       -2.9430594        2.7120108 
      0.32702298       -2.4300288        3.2667626 
      -2.8151595       -5.8099023       0.38028392 
   -0.0024496138       -2.7460605        2.8902205 
      -1.4900412       -4.0694715        1.3737608 
      -1.6544557       -4.3903235        1.0146564 
      -2.2526747       -4.9941261       0.45825073 
      -1.7441428       -4.2927821        1.0236988 
     -0.71289281       -3.4949825        2.0709489 
      -2.1097478       -4.9422464       0.84337404 
      0.30978671       -2.5224262        3.0615002 
      0.85818236       -2.1164417        3.5499297 
      -1.0922419       -4.0674327        1.7747583 
     -0.23262529       -3.2732640        2.6339782 
    -0.012236728       -3.0920649        3.0373634 
       2.7392125      -0.66498393        6.2220817 
      -1.8618617       -5.4721492        1.4850840 
      0.77567312       -2.5410647        4.5074019 
     0.015466728       -4.0936789        3.9280008 
       

     -0.18037619       -3.6008116        2.9235416 
      0.26111304       -2.3674767        4.2564086 
     -0.43260827       -3.8952349        2.9703634 
      0.27437498       -2.8116867        3.7928250 
     0.095391877       -2.7144793        3.4677534 
     -0.18339133       -3.7150827        3.1221439 
      -1.4548655       -7.2056927        2.1307194 
     -0.12142876       -3.4069347        3.3161117 
      0.80180461       -2.2602508        5.0345394 
     -0.56125678       -4.4697216        2.1107843 
      0.76319043       -2.3731627        4.6704218 
    -0.040302137       -3.7726876        2.7180297 
    -0.017525790       -3.2700095        3.3997363 
       1.0665512       -2.0206403        6.1334649 
      -1.4771034       -7.0325112        2.0410151 
       1.2013792       -1.9934017        6.1394994 
       1.3767044       -1.8729784        7.4501630 
      0.85431095       -2.3225071        5.3219626 
      -2.2074255       -9.7811754        1.9875785 
      0.56476966       -2.1327373        4.3227423 
     -0.97182686       -6.1136219        2.1184856 
     0.020750689       -2.7793558        3.5137377 
     -0.93942630       -5.6427773        2.0398151 
     -0.10519577       -3.0685765        3.3818394 
     -0.68067895       -5.1848872        2.0784984 
    -0.042436643       -3.5626301        3.0209032 
    0.0015707007       -3.4642156        3.0213853 
      0.69391735       -2.5376230        4.7616692 
      0.74933713       -2.0287499        5.1088628 
      -1.2224199       -6.8131504        1.9250874 
       1.9695724       -1.9959132        9.2491983 
      -3.4482556       -15.525566        1.9044145 
       2.4993000       -1.4957020        11.264013 
      0.43045883       -2.2847211        4.6336351 
     -0.87505899       -5.4971725        1.8923138 
      0.44431473       -2.5373422        4.0783614 
      0.55588609       -2.6372067        4.5595890 
       1.4354476       -2.3043145        7.1443968 
      0.68783481       -2.2964138        5.0232918 
     0.052874527       -3.4703425        2.9592314 
     0.054318706       -3.3190555        3.2018575 
      0.86417236       -2.2759205        4.9142505 
     -0.76861880       -4.6298348        2.5599431 
    -0.037204077       -3.3268411        3.1579541 
    -0.035432899       -3.2359993        3.4073677 
     -0.28533745       -3.8037804        2.8697800 
     -0.50873003       -4.2618167        2.3827600 
     -0.78999028       -5.5556783        2.0276137 
      0.16446272       -2.9196594        3.4920706 
      -1.1002618       -6.0767369        2.1912323 
     -0.56510239       -4.3763844        2.8138356 
      0.79419143       -2.3504789        5.2538406 
     -0.46600967       -4.5973541        2.4809059 
     -0.23152186       -3.7372831        2.8313112 
     -0.91354412       -5.3862227        2.3116699 
       2.1648276       -1.6688415        10.226531 
      -1.0254430       -6.0884650        3.1880656 
      0.50317069       -1.9343071        4.2056001 
   -0.0081491415       -4.2309962        4.2686886 
      

     -0.75777198       -9.2345237        8.4172208 
     -0.45864028       -9.5054886        8.0030424 
     0.048395832       -8.3228660        8.7049367 
    -0.081541670       -8.7584433        8.8625347 
      0.51615885       -8.2992500        8.9257059 
    -0.082644004       -9.1158630        8.1885264 
      0.73505361       -7.5651307        9.5638690 
      0.52242891       -7.3742816        9.5464646 
      0.39182658       -8.9054425        8.6122729 
       1.7103409       -7.4960588        10.054285 
       1.0852033       -7.3400777        9.6676358 
      0.61072501       -8.1112082        8.8083629 
     -0.12510145       -8.8028932        8.2849776 
    -0.051196417       -8.7292498        8.4771812 
     -0.15410223       -8.4713916        8.8569935 
      -1.9808642       -10.528863        7.0462331 
      -2.1163118       -11.005331        6.4875812 
      -4.5605521       -13.408477        4.0860391 
      -1.6674771       -10.724259        7.5218989 
      -4.4290884       -13.047639        4.7016343 
      -1.7415848       -9.8226863        7.9328784 
     -0.78031885       -9.9446828        7.3204627 
    -0.061236324       -9.0282076        8.0456215 
     -0.72872657       -9.8794919        7.5924454 
      -1.7628240       -10.451788        7.5306708 
     -0.55861149       -9.5695762        8.2911837 
       1.7488236       -7.0193347        10.425838 
       4.0057413       -4.0873497        13.277977 
       4.4630517       -4.3359191        13.538312 
       5.3607684       -3.3841083        14.783493 
       4.6618477       -4.0628112        14.052562 
       3.2891113       -4.8601962        12.724227 
      -1.0289272       -10.261051        8.0044724 
       1.1422602       -7.7906093        9.4672353 
       2.5313357       -6.1998675        11.433611 
     0.087130505       -8.5781591        8.9373282 
      0.65403072       -8.7415126        8.9567896 
     -0.86462000       -9.6171760        8.0201493 
      -2.5020764       -11.526335        5.5583186 
      -2.5300789       -11.062371        6.2723416 
      -1.4711933       -10.056003        7.1491034 
      -1.4107321       -10.001532        7.1957217 
      0.49985307       -8.0321501        9.5422386 
       1.2219609       -7.7372722        9.9974279 
       2.0257312       -6.3966860        11.245245 
       1.1329270       -7.4129820        10.306282 
       1.2959530       -7.6376785        10.429158 
      0.19251488       -8.2127885        9.2694641 
      -1.7209229       -10.543048        7.0321718 
      -2.3172914       -10.513522        7.0612892 
      -1.7175087       -10.665372        7.6115197 
      -2.0247548       -11.156962        6.6754159 
      -3.1623270       -12.614518        5.5416356 
     -0.78128435       -9.0004095        8.1125323 
      -2.1633975       -10.223804        6.9058351 
      -3.3359526       -11.735842        5.7951870 
      -1.6048666       -10.880559        6.5510506 
     -0.11932316       -8.9888124        8.9847326 
     0.034437386       -8.7301035        9.9849018 
      

      0.11336796      -0.31021588       0.50554025 
     -0.26587967      -0.70146333       0.14281228 
      0.41405092    0.00083024758       0.85008431 
      0.29579812      -0.10987035       0.70593388 
     -0.12017750      -0.52796545       0.29864497 
   -0.0098910885      -0.45679801       0.40017950 
     -0.25399164      -0.68671878       0.16178511 
     -0.37145180      -0.74829107      0.061042949 
     -0.24728796      -0.65819081       0.16118222 
    -0.076723018      -0.48263175       0.32989319 
     -0.33465460      -0.79884303       0.13060239 
    -0.010327216      -0.45742393       0.38740901 
     -0.13823027      -0.54881175       0.25950964 
     -0.74211636       -1.1979881      -0.30038879 
      0.95520232       0.49345806        1.3939493 
     -0.13006361      -0.56046999       0.25880526 
      0.18497898      -0.23595765       0.56219275 
      0.15707032      -0.25358422       0.54189962 
      0.11934521      -0.32165899       0.55379035 
     -0.17021730      -0.57896686       0.21359522 
     0.032756753      -0.34884745       0.45288734 
      0.12060167      -0.26834743       0.54509907 
     0.039684572      -0.39328870       0.49349922 
     -0.46801696      -0.88974868     -0.057343077 
     -0.28791368      -0.70186471       0.13080799 
     -0.49613978      -0.97458114     -0.038659505 
     -0.67921486       -1.1651493      -0.18718505 
      0.97460191       0.50538366        1.4827300 
     -0.23233336      -0.64964535       0.16167601 
     0.074972993      -0.32935064       0.47532686 
      0.21176946      -0.22943263       0.61724072 
     -0.34521857      -0.79033417      0.063597419 
     0.055312709      -0.37255565       0.45529843 
      0.22730614      -0.18948706       0.65302507 
   -0.0069975465      -0.41265541       0.38941728 
    0.0093962165      -0.40730146       0.40359820 
      0.11575967      -0.28305499       0.50004423 
    0.0078882234      -0.38140457       0.40504633 
      0.44378269      0.034453162       0.82692922 
    0.0088092943      -0.35308845       0.43757202 
      0.13328534      -0.28156583       0.52351942 
     -0.17075306      -0.57929311       0.23141134 
      0.17466526      -0.24320927       0.54858820 
   -0.0032521249      -0.38983034       0.42022105 
      0.35308821     -0.040753282       0.78000520 
     -0.56918120       -1.0156861      -0.13813494 
      0.14233203      -0.28325720       0.55844523 
      0.38394816     -0.022556932       0.82005041 
     -0.39784558      -0.83213070     0.0073440590 
     0.025630831      -0.36768786       0.46509714 
     -0.49745403      -0.92621566      -0.10097161 
      0.13287374      -0.26698816       0.51827280 
     -0.13217816      -0.52697746       0.24613503 
     -0.11050008      -0.48554537       0.29296411 
     -0.75115781       -1.1939698      -0.31825674 
      0.34585680     -0.085638688       0.77852911 
     -0.11275152      -0.51345133       0.27127513 
     0.028650955      -0.35623927       0.41573164 
    0.0015761203      -0.73212808       0.74173261 
      

      0.19742935      -0.65878467        1.1975372 
     -0.14365426       -1.0921090       0.76728000 
     -0.26380489       -1.2704337       0.65500615 
      0.14402201      -0.69571973        1.1108376 
     0.054702033      -0.77684512       0.93400708 
     -0.12323626       -1.0611443       0.70667036 
     -0.19722963       -1.1997066       0.68324392 
     0.038358036      -0.78787818       0.89867553 
      0.20814448      -0.67111886        1.1490670 
     -0.17070387       -1.0962380       0.68209122 
    -0.070431619      -0.93639831       0.83358258 
      0.24565452      -0.72267843        1.2204335 
     0.040742982      -0.79886738       0.93421236 
    -0.048927457      -0.96785279       0.79982563 
    -0.068728008       -1.0303180       0.74634832 
    -0.094974683      -0.93649225       0.81021837 
     -0.21171288       -1.1716908       0.68124562 
      0.23004440      -0.68631417        1.2153710 
     -0.46576026       -1.7819200       0.68485629 
      0.26046139      -0.64918555        1.2806183 
     0.048390215      -0.75329780       0.97858231 
      0.32016931      -0.69906465        1.3711487 
     -0.26977582       -1.3201095       0.72363359 
      0.13208517      -0.77023961        1.1137872 
      0.41138485      -0.56139664        1.5919319 
      0.64451902      -0.52628783        2.3210932 
     0.085281639      -0.81036775        1.0031777 
     -0.50771432       -1.7379678       0.56103585 
      0.13546125      -0.66913283        1.1567738 
    -0.048092835      -0.95930450       0.81479178 
     -0.45274446       -1.7629791       0.54762931 
    -0.081039443       -1.0374131       0.77773434 
     -0.14901524       -1.1202485       0.69980016 
     -0.36052271       -1.5450987       0.62018995 
     -0.42225201       -1.6999065       0.62503239 
      0.23071023      -0.75340937        1.2005919 
     0.073308368      -0.77635858       0.97749401 
      0.19524334      -0.74763668        1.1001885 
    -0.045871057      -0.89927988       0.86421114 
     -0.16160873       -1.1058685       0.69660360 
    -0.085015523       -1.0516397       0.71687873 
    -0.040885005      -0.90136945       0.80023724 
     -0.12449973       -1.0041432       0.71976249 
     -0.12083787       -1.0195368       0.72315824 
    -0.062059058       -1.0120612       0.75995510 
      0.33400556      -0.65008009        1.4620632 
      0.17246680      -0.69165206        1.1481857 
      0.36600388      -0.61636650        1.5913054 
      0.17901778      -0.70863311        1.1069922 
    -0.095100913      -0.96256496       0.81534896 
     0.023241998      -0.86279716       0.86649198 
      0.29191180      -0.67952580        1.2956532 
     0.084397359      -0.73787371       0.99689464 
     -0.10602925      -0.95129864       0.78128832 
     -0.33983861       -1.5309274       0.70381626 
     -0.25823281       -1.2814196       0.66096021 
     -0.20643690       -1.1410852       0.72187373 
     0.038191231      -0.77451695       0.89190771 
    -0.010279097       -1.0835228        1.0425462 
       

     0.095310282      0.032226750       0.15814440 
    -0.032073101     -0.086795525      0.029711743 
   -0.0097896610     -0.065652928      0.047780097 
      0.15269716      0.099228235       0.20997026 
     0.065399516     0.0092158155       0.11983142 
    0.0010314224     -0.053889816      0.056306475 
    0.0099461499     -0.042736797      0.066467687 
    -0.050485016      -0.10583605     0.0023947317 
     0.061006912     0.0079519748       0.11177337 
    -0.043324006     -0.096417186     0.0082831439 
    -0.036921046     -0.089010016      0.020144527 
     -0.11080086      -0.16320538     -0.056351258 
     0.013072363     -0.041176623      0.068021485 
    -0.016604685     -0.072224174      0.036743882 
    -0.029403586     -0.085485357      0.031532910 
    -0.043838993     -0.095274432      0.011509271 
     0.054489484    0.00032463264       0.10871327 
      0.26595506       0.20679434       0.32637247 
     -0.12587140      -0.19230276     -0.062605902 
     -0.24601705      -0.31008492      -0.18753415 
     0.073318805      0.021103008       0.12787724 
    -0.015880472     -0.073883664      0.036755857 
     0.050370000    -0.0064728204       0.10879808 
    -0.063256716      -0.12888008    -0.0020523867 
     0.021870856     -0.036634446      0.077843878 
     0.056860613     0.0036819751       0.11284811 
    -0.030559631     -0.084944869      0.024995763 
     -0.10615129      -0.16619565     -0.050184509 
    0.0031969914     -0.052887193      0.058996640 
    -0.076546219      -0.13396671     -0.022707710 
     -0.11060539      -0.16813717     -0.055177878 
    -0.018129218     -0.077698366      0.040123470 
     0.030079277     -0.033308338      0.092467462 
     0.063122580    0.00042660090       0.12731772 
     0.047564693     -0.012236385       0.10555391 
     0.048264977    -0.0098860267       0.11342341 
     0.045609563     -0.017503799       0.10566390 
     0.079952944      0.017810980       0.14295250 
     0.058765872    -0.0010320807       0.11878462 
     0.044594443     -0.020139019       0.10321607 
    -0.080066458      -0.14446073     -0.017622981 
     -0.10649614      -0.17383485     -0.041018106 
     -0.14423436      -0.20388078     -0.076904084 
     -0.13703759      -0.20069065     -0.078366701 
    -0.058172825      -0.11649050    -0.0019208613 
    0.0052278820     -0.052708824      0.061331640 
    -0.043869961     -0.099874707     0.0090036733 
     0.018859660     -0.032704454      0.076837235 
     0.052730393    -0.0037295215       0.10956368 
    -0.044217207      -0.10174270      0.010269205 
     0.031789972     -0.026784923      0.086652501 
     0.040265177     -0.018391427      0.095395074 
     0.083068407      0.027083800       0.13641525 
      0.13261007      0.076870009       0.18638527 
      0.13785267      0.075688887       0.20039831 
    -0.073796431      -0.13107788     -0.018284848 
    -0.060354887      -0.11612988    -0.0019318133 
    -0.024066483     -0.089629531      0.035786307 
   0.00013309955      -0.14851091       0.15184320 
