       

      0.67661109       0.13400042       -1.0775254        1.3269944 
      0.81457972      -0.10945389       -1.0428456       0.73983770 
      0.61875204       0.14307500      -0.63837494       0.84347844 
     0.038020471      -0.19877603      -0.85480608       0.42985967 
      0.63933116       0.33617296      -0.20928697       0.92867687 
      0.48412773       0.27961130      -0.26015547       0.78302646 
      0.66228612       0.60863480       0.10110890        1.0554238 
     -0.60417629      -0.45093464      -0.93042038      0.018053921 
     -0.89763230      -0.76771961       -1.1986621      -0.30837209 
     -0.28042041      -0.23600800      -0.66420089       0.19423821 
     -0.37084376      -0.16233337      -0.61440682       0.26416289 
     -0.75541141      -0.45094244      -0.87842047      0.015262440 
     0.046668574      0.099454735      -0.32371591       0.50857549 
    -0.076814726     -0.059036055      -0.49051788       0.34835125 
     -0.17209337     -0.028902664      -0.45143578       0.40988763 
     -0.31454484      -0.39993037      -0.82545160      0.033959899 
      0.32105473       0.32652216      -0.11411619       0.72561237 
      0.24760104       0.39589463     -0.030533392       0.82731440 
       1.0751377       0.99626076       0.58428652        1.4361296 
      -1.3863961       -1.0554174       -1.5283031      -0.57906142 
     -0.62631285      -0.55902083       -1.0084729      -0.16921057 
     -0.75696437      -0.65788395       -1.0596417      -0.21256422 
     -0.56593577      -0.68792494       -1.1104719      -0.23374900 
      -1.7538555       -1.5173533       -1.9491891       -1.0473412 
      -1.9384239       -1.7069257       -2.1407298       -1.2376922 
      -1.2296165       -1.1493450       -1.6015198      -0.70294789 
    -0.068519006      -0.32329642      -0.85728911       0.18817223 
     -0.21680201      -0.38351797      -0.89580293       0.10563850 
     -0.35487567      -0.19499282      -0.60823885       0.26063409 
      0.65060934       0.58541057       0.14721400        1.0117677 
      0.62350786       0.49184240      0.046136668       0.94254545 
      0.42831815       0.65375962       0.16690869        1.1337449 
     -0.73214863      -0.57090400       -1.0294247     -0.071164520 
      0.53004987       0.70821646       0.22413685        1.2384852 
       1.0958051        1.4254826       0.87576480        2.0378978 
     0.098850233       0.68921854      0.023839963        1.3809422 
       1.5181073        1.7697604        1.2105474        2.3550961 
       1.8781932        2.0377666        1.5595263        2.5941628 
       2.4249460        2.4113481        1.9424396        2.8753856 
       2.2600094        2.2194512        1.7779787        2.6904352 
       2.2933989        2.3478107        1.8974059        2.8255080 
       2.0004098        2.0818773        1.6514688        2.5903728 
       2.1357395        2.2090560        1.7517285        2.6733167 
       1.8288275        1.8735218        1.4618744        2.3519363 
       1.0400668        1.1111086       0.66660303        1.5411186 
      0.37909513       0.44405113      0.020324385       0.89746984 
      0.14994299      0.033278793      -0.42147058       0.47301838 
     -0.52104888      -0.77364151       -1.2919458      -0.29722190 
     -0.40485418      -0.88641214       -1.4785748      -0.31711502 
     -0.56798795      -0.98892076       -1.6302209      -0.44302743 
     -0.99434819       -1.3087985       -1.9000466      -0.78734555 
      -1.6695971       -1.8688667       -2.4468750       -1.3476207 
      -1.3092032       -1.6487683       -2.2691872       -1.1170938 
     -0.93941428       -1.2928011       -1.8726870      -0.76936356 
      -1.4905584       -1.6879846       -2.1860940       -1.2261590 
      -3.1999712       -2.9692372       -3.4103103       -2.4742192 
      -1.7392939       -1.4720872       -1.9245348      -0.96005728 
      -1.2882225       -1.0077624       -1.5070045      -0.52303831 
     -0.78895926      -0.52852852       -1.0304044     -0.031524947 
      

       1.2702750      -0.76301351       -1.3986931      -0.14050081 
      0.57129803      -0.83362470       -1.3553273      -0.29212723 
      -2.1594237      -0.68996369       -1.1997947      -0.18705325 
     -0.85851973      -0.74242099       -1.2679623      -0.26582546 
      0.19329972      -0.75838998       -1.2440544      -0.26998018 
      -3.4850002      -0.68384853       -1.1823920      -0.23202058 
       1.6696557      -0.44861208      -0.91265143    -0.0042118101 
     -0.88741128      -0.27934418      -0.74673556       0.15036056 
      0.59196537     -0.015320842      -0.46341340       0.41544964 
     -0.42737943       0.23310767      -0.20410282       0.67429821 
       2.1900679       0.41682198     -0.054205749       0.84405154 
      0.30340836       0.46210492      0.037666539       0.92481923 
      0.59179413       0.55399791       0.13391965        1.0117696 
       2.4070068       0.60380138       0.17315537        1.0433766 
     -0.79934681       0.79972814       0.33205106        1.2323994 
       1.3629857       0.45598757      0.057012734       0.90089792 
     -0.35280359       0.35377248     -0.073724298       0.77290736 
      0.26138210       0.18713436      -0.26112271       0.61879185 
      0.41180093     -0.031951809      -0.45180095       0.40536562 
       2.8501331      -0.42370302      -0.86324671     -0.012864272 
      -1.5848466      -0.53722261      -0.95546648      -0.12406791 
      -1.9929370      -0.67095855       -1.1099263      -0.23734548 
      -1.2253019      -0.76977533       -1.2181979      -0.29799746 
      -2.0229412      -0.95639996       -1.4476874      -0.46889206 
     0.027154945      -0.84350805       -1.3333533      -0.37217173 
      -1.4478403      -0.64781298       -1.1236197      -0.15526165 
    -0.034676695      -0.31707372      -0.84866142       0.19510097 
      -1.5046069     -0.052479213      -0.61031421       0.48247193 
    -0.074128045      -0.10680873      -0.67291260       0.43695844 
      0.43784805      0.030307835      -0.50896889       0.54067423 
      -1.4933997       0.19322304      -0.26464805       0.68714634 
       3.4365888       0.30352963      -0.14001138       0.75395044 
      0.96884142       0.47314052      0.029062031       0.91038542 
       1.5015386       0.65040247       0.20000404        1.1019488 
      -1.4046729       0.74681483       0.28284225        1.2031859 
       1.8039138       0.72555003       0.27738109        1.2198634 
     -0.80380952       0.80044746       0.30769366        1.2763420 
       1.4386142       0.80321808       0.30338323        1.3140155 
       1.6714666       0.80075125       0.25924654        1.3259001 
      0.57536676       0.57380929      0.069484310        1.1410617 
      0.66659032       0.39806414      -0.11559582       0.90792113 
       3.0546033       0.19154522      -0.29358865       0.70055850 
      -1.8842800       0.12624566      -0.38305319       0.61459470 
       2.2302087      0.011782357      -0.42921688       0.54450995 
      -1.4975941      -0.11652009      -0.55075835       0.35315454 
      0.41578818      -0.30217238      -0.76027259       0.12036999 
     -0.87375169      -0.18754817      -0.62939193       0.19655641 
     -0.79148546      -0.26066481      -0.70967718       0.15190396 
       1.1564475      -0.41480520      -0.88588872      0.024779609 
      0.26233092      -0.38051379      -0.84766080       0.10284199 
      0.44697192      -0.32481832      -0.81731726       0.16451737 
     -0.85819473      -0.22425621      -0.70601126       0.28831049 
      -1.1567056      -0.21820665      -0.70577368       0.23277773 
     -0.98575786      -0.18955111      -0.65812896       0.27354086 
    -0.052423793      -0.18622448      -0.62796246       0.26907158 
      -1.5698328      -0.14358661      -0.58938070       0.30909263 
       1.5519131      -0.16551850      -0.62348064       0.29930567 
      0.27645322      -0.15413523      -0.70995935       0.34715500 
      -2.9061432      -0.16071472      -0.76668420       0.47133291 
      

     -0.55124823      -0.93258656       -1.6028953      -0.29059384 
     -0.79341203      -0.69730666       -1.2992550      -0.11558131 
     -0.15206485      -0.51946690       -1.0757780     0.0043992279 
     -0.86356349      -0.35771687      -0.85924128       0.13503790 
      0.46259467      -0.18892736      -0.64820053       0.29101507 
       1.4288661     -0.079154438      -0.52410032       0.37483991 
       1.4936883     0.0012832090      -0.42310336       0.45116554 
       1.0575264    -0.0041310185      -0.41358313       0.40474440 
      0.52629927     -0.044583618      -0.45112043       0.34350399 
     -0.20804574     -0.067351526      -0.45950816       0.32093470 
      0.57371878     -0.096262409      -0.46203025       0.29920171 
      0.71007212      -0.13682845      -0.51259463       0.21704917 
      0.90270684      -0.15187698      -0.49235889       0.22372845 
     -0.44534582      -0.19722755      -0.53042751       0.16271096 
     -0.12877041      -0.27851771      -0.63157437      0.073404514 
     -0.40074630      -0.26342730      -0.59617203      0.082068710 
     -0.32300326      -0.23294122      -0.57756958      0.081414392 
      0.16917626      -0.21047459      -0.52708227       0.11032690 
     -0.35948770      -0.14787287      -0.44198696       0.18012260 
     0.058056744      -0.15656188      -0.45334531       0.17713923 
      -1.3231471      -0.11878477      -0.44131509       0.20256090 
     -0.76949093     -0.082697936      -0.44008639       0.23296867 
     -0.80176801     -0.051007489      -0.40160949       0.29970779 
     -0.40804710     -0.023346784      -0.41287612       0.35396589 
     -0.66658542     -0.043649943      -0.43762634       0.35663602 
      -1.0341712     -0.043325509      -0.42347789       0.38100737 
    -0.061739577     -0.060229369      -0.47080992       0.33433269 
     -0.24706289     -0.099771012      -0.49499061       0.31108865 
      0.32061625     -0.044868231      -0.44369269       0.34420626 
      0.78895225     0.0038854237      -0.34289975       0.39420251 
      0.75031471      0.023103528      -0.32701157       0.34982733 
       1.1352002      0.059312254      -0.26638028       0.37526154 
      0.65151555    -0.0018449447      -0.31495765       0.30828881 
      0.29110441      0.022037482      -0.27946499       0.35940175 
      0.86711414      0.058662183      -0.27933574       0.38886888 
       1.2034950      0.044831291      -0.30044457       0.38651271 
       1.2378250      0.079007668      -0.29120149       0.43899711 
      0.95881664      0.094327024      -0.26813608       0.48490532 
       1.9745379       0.10327069      -0.28042444       0.48766740 
      0.47010297       0.13342145      -0.26260839       0.48664419 
      0.99625206       0.18142231      -0.19896258       0.52642324 
       1.1896164       0.22677882      -0.12536040       0.56982975 
      0.74959080       0.26835908     -0.069582519       0.59620404 
      0.10993659       0.31298563     -0.020348913       0.63091280 
     -0.74279832       0.33688002      0.020887365       0.65174482 
      0.29757507       0.37106757      0.083529308       0.69069549 
     -0.33763198       0.33938436      0.035841831       0.61656275 
      -1.7122069       0.31192893      0.033246057       0.61360146 
      -1.2279739       0.32919941      0.040986647       0.64067299 
     -0.59141156       0.30470757     -0.012775097       0.60767099 
      -1.1331264       0.26095264     -0.064841287       0.57781158 
      -1.5650128       0.17180866      -0.15842328       0.50754092 
      0.18777337       0.11817374      -0.23421678       0.42456808 
      -2.6439066      0.076179378      -0.26015294       0.37901293 
     -0.12770932     0.0026870608      -0.32156179       0.30057372 
     -0.12499609      -0.14034745      -0.45274897       0.20340656 
      0.81617713      -0.13508007      -0.46273966       0.18247542 
      -1.2533732      -0.14594522      -0.49104106       0.17728197 
    -0.024674137      -0.14276700      -0.49547927       0.20021869 
      

       4.9890678        3.2380900       -1.3799056        6.8679870 
       3.7076710        2.5819908       -1.2685145        5.3808585 
       3.0234560        1.9881377       -1.1451302        4.3258058 
       1.7384887        1.0572695       -1.6207661        3.0720026 
      0.83095438       0.48454029       -1.7604923        2.3594060 
     -0.30465551      -0.43980124       -2.3845053        1.2562378 
      -1.8787362       -1.9534816       -3.5437629      -0.23228433 
      -4.7108536       -4.3541938       -6.1648876       -2.8137910 
      -5.2038234       -4.7178886       -6.2970072       -3.0741633 
      -3.8093373       -3.5363264       -4.9835219       -2.1926416 
      -3.7058901       -3.2984973       -4.6489994       -1.9071357 
      -1.8310276       -1.7638728       -3.1374907      -0.58392203 
      -1.0394020      -0.73014606       -1.9850990       0.50835316 
     -0.37116186      0.057219682       -1.1935716        1.3488830 
       1.3828220        1.3601862       0.11727274        2.5733073 
      0.11715043       0.72538499      -0.61822934        2.1386463 
       2.2819995        2.5284045        1.3122938        3.6655714 
       4.5595221        4.3744299        3.0594315        5.5375844 
       4.5004710        4.2067722        2.7797243        5.3838014 
      0.67903153       0.82583828      -0.38820716        2.0897343 
     0.074737701      0.017188516       -1.1924042        1.1159367 
      -2.4349096       -2.2216077       -3.3891614       -1.0880920 
      -3.4441498       -3.2638361       -4.3584206       -2.0372299 
      -4.9627125       -4.8535866       -6.0172513       -3.7124808 
      -4.7205995       -4.7637630       -6.0440789       -3.6706899 
      -5.4410242       -5.1184992       -6.3158797       -3.8110175 
      -5.1955171       -4.5840252       -5.8515061       -3.0206709 
      -3.9024512       -3.4382021       -4.6759725       -2.0210342 
      -1.3885387       -1.4693163       -2.6640352      -0.38272809 
      0.56891409       0.41137692      -0.72485989        1.4877009 
     -0.16489706       0.23447765      -0.84979134        1.6808366 
       3.4949292        2.6532145        1.0956541        4.0794705 
     -0.10057262       0.49307789      -0.78080361        2.4005250 
       4.2441742        3.8140586        2.5038673        5.0118451 
       5.5751164        4.9754678        3.6100232        6.4024031 
       5.2699969        4.8449268        3.4309138        6.1307254 
       6.1925807        5.9533087        4.7273695        7.3605337 
       7.6717480        7.5383760        6.3588771        8.9186236 
       10.186467        9.8960147        8.6121998        11.112340 
       11.342407        10.979422        9.7708703        12.293476 
       10.737266        10.460384        9.2044737        11.731357 
       9.9403908        9.7018484        8.5716687        11.092449 
       9.5245012        9.0679396        7.8078720        10.304616 
       7.1796295        6.9272545        5.7680951        8.1429334 
       5.3301131        5.0452866        3.7988772        6.1848903 
       3.7603408        3.3906982        2.1516680        4.5068863 
       1.2687374        1.1504697      0.036950137        2.2326538 
      -1.3731769       -1.3692351       -2.5235493      -0.27722183 
      -4.3309479       -3.9831175       -5.1481723       -2.6322281 
      -6.0101622       -5.8307825       -7.1379505       -4.5868481 
      -8.7518177       -8.3572367       -9.7124685       -6.9976768 
      -10.180998       -9.7064643       -10.980361       -8.1598210 
      -9.1384339       -8.9496797       -10.455290       -7.7635221 
      -9.5583256       -9.1878702       -10.658225       -7.9411629 
      -9.4855997       -9.1811011       -10.440214       -7.8025334 
      -9.4120781       -9.0563343       -10.292006       -7.7745032 
      -5.0369222       -5.6012313       -7.0113467       -4.2956371 
      -4.9636977       -5.0331674       -6.2899955       -3.8993475 
      -2.8074820       -3.1150700       -4.3646232       -1.8264318 
      

      -1.2232512       -1.6808734       -3.2378835       0.13433326 
      -1.1017878       -1.1204230       -2.3712407       0.23166303 
     -0.25681812      -0.40352570       -1.4439481       0.78386703 
     -0.54952803      -0.51687062       -1.4134348       0.51791417 
      0.23057597       0.38531307      -0.53621684        1.2969390 
      0.19972943       0.55542040      -0.28671518        1.4515930 
       1.5650341        1.6045543       0.77574934        2.3995057 
      0.69456780       0.79378521      0.057386982        1.6164576 
     0.037736849       0.31616592      -0.41167554        1.1121490 
      0.46189029       0.70008557      0.048864927        1.4834813 
      0.91236163       0.86606620       0.15189462        1.6152119 
     0.020782335     0.0094351906      -0.69577480       0.75177214 
      0.31560710       0.37214242      -0.32714401        1.1030204 
     -0.38742353      -0.19161076      -0.83948277       0.56999712 
     -0.68169907      -0.57953802       -1.2619766       0.15281818 
      -1.1235298      -0.89240724       -1.5935448      -0.19224036 
     -0.23998610      -0.27208295       -1.0027716       0.38769269 
     -0.64448791      -0.63913769       -1.3270751      0.047121958 
      0.41396352       0.23117861      -0.45338002        1.0098138 
      -1.5655583       -1.6269598       -2.3010718      -0.89602054 
     -0.84745008      -0.79410980       -1.5038108      -0.12188171 
     -0.25331838      -0.23173848      -0.89512224       0.48124668 
     -0.37799128      -0.10979265      -0.81734275       0.58422858 
     -0.60644313      -0.64945231       -1.3794229      0.046351199 
      -1.3331971       -1.1125771       -1.8551752      -0.40044351 
     -0.61295674      -0.29832233       -1.0283005       0.49380228 
     -0.12205554       0.49336463      -0.30838921        1.3814839 
     -0.54030360      0.091698442      -0.71007675       0.92351142 
      0.14234705       0.21334324      -0.50144062       0.91796093 
      0.53920195       0.70647374      0.058986526        1.4343142 
      0.44174289       0.64051417     -0.029407592        1.3499672 
      0.89944213       0.49105102      -0.29274998        1.2683082 
     -0.92293294      -0.83469175       -1.5944213     -0.038638012 
      0.50618405       0.22115300      -0.71331245       0.98866675 
       1.9055649        1.1695846      0.094294427        2.0447921 
      0.92480769       0.24612398      -0.84829288        1.1839377 
       2.0168771        1.3553865       0.33956243        2.2688109 
       1.6523007        1.1745068       0.20731145        1.9914118 
       1.0726009       0.81069608     -0.086160243        1.5760858 
      0.31351831       0.17208988      -0.67065260       0.92171987 
      0.96790237       0.59233527      -0.21384648        1.3661985 
      0.74809156       0.46044226      -0.34827093        1.2018377 
       1.1325942       0.83193921      0.066009131        1.5670383 
       1.3322288        1.0120818       0.26072525        1.6944001 
      0.64379357       0.42320215      -0.31909542        1.0789333 
     0.043745203      -0.10090469      -0.81132753       0.55316632 
     -0.47081831      -0.33032934      -0.97201198       0.41347027 
      -1.3088280      -0.89336556       -1.5980201     -0.064067454 
     -0.91844914      -0.37445650       -1.2191738       0.52746030 
     -0.55791151    -0.0082888406      -0.84635545       0.96860551 
    -0.062078260       0.33264970      -0.49402002        1.3287448 
     -0.58589957      -0.11589213      -0.97036328       0.87413175 
     -0.70509607     -0.093224956      -0.97823481       0.85138006 
     0.099284616       0.53805724      -0.28745617        1.4624625 
     -0.30018685     0.0099064751      -0.75829075       0.82623207 
      -2.1671369       -1.8142685       -2.5571835       -1.0467981 
    -0.098405202      -0.34757393       -1.1117192       0.36031475 
      0.52839796       0.25195978      -0.53725517       0.98356684 
      0.68438455       0.41379069      -0.36511500        1.1579703 
       

     -0.17311637       0.79312996       0.44353412        1.1405102 
   -0.0039841474       0.63401743       0.45456939       0.81596644 
     -0.35085088      0.047476402      -0.11032174       0.20376410 
     -0.52454376      -0.30531721      -0.48687767      -0.11796719 
      0.11767950       0.14808003     -0.036909081       0.33004565 
      0.15350592       0.10286379     -0.077400451       0.28166239 
    -0.024667521      -0.12171419      -0.28475356      0.035905104 
     -0.12368955      -0.24201655      -0.38846143     -0.097448604 
     -0.45567663      -0.55320924      -0.68521891      -0.41802768 
    -0.070251013      -0.19001854      -0.32265165     -0.055503630 
     -0.12396665      -0.21079861      -0.33449635     -0.076958436 
     -0.10168337      -0.17271701      -0.30359764     -0.041266472 
     -0.31306662      -0.34771108      -0.47339914      -0.21102225 
      0.12256519      0.082336322     -0.049399288       0.21287075 
      0.31853958       0.29166252       0.15872362       0.42479655 
      0.47362429       0.46197418       0.33307783       0.59624591 
      0.41987154       0.42176356       0.28680784       0.54953333 
      0.72958774       0.74876431       0.62067770       0.88847352 
       1.8781004        1.8131781        1.6689726        1.9421636 
      0.76463126       0.76376813       0.62812727       0.88995657 
     -0.74558821      -0.70075450      -0.82993222      -0.56817901 
     -0.52348758      -0.53762721      -0.66832391      -0.40531136 
     -0.88468021      -0.87916143      -0.99892001      -0.74268001 
     -0.94406874      -0.95844232       -1.0924038      -0.83250526 
      -1.6163527       -1.6046188       -1.7308724       -1.4700879 
      -1.6259580       -1.6289606       -1.7569537       -1.5026884 
      -1.3478501       -1.3671359       -1.4976016       -1.2417807 
      -1.4026949       -1.4117130       -1.5461828       -1.2884892 
      -1.5963653       -1.5843610       -1.7178803       -1.4561196 
      -1.2047077       -1.2206169       -1.3467004       -1.0828148 
      -1.1616204       -1.1691620       -1.2990317       -1.0440822 
      -1.2174352       -1.2115475       -1.3424233       -1.0832603 
     -0.84631769      -0.83737416      -0.95961259      -0.70080287 
     -0.10292238      -0.11520812      -0.23977993      0.017952012 
      0.67794205       0.66053262       0.53652772       0.79339978 
       1.1016948        1.1011560       0.97084211        1.2251857 
       1.6484715        1.6277788        1.4996653        1.7606562 
       1.9776294        1.9731905        1.8481650        2.1056351 
       2.4635326        2.4466407        2.3157562        2.5741605 
       2.6846324        2.6742372        2.5400609        2.8032889 
       2.7198207        2.6925122        2.5568485        2.8212045 
       2.0667417        2.0596727        1.9260456        2.1836005 
       1.4106667        1.3992439        1.2686434        1.5307036 
      0.67771873       0.67606321       0.54712730       0.80397341 
     0.018075981      0.026593521      -0.10764754       0.15595326 
     -0.23689333      -0.23232820      -0.36784419      -0.10673161 
     -0.29317540      -0.30724958      -0.44146196      -0.17926072 
     -0.55709487      -0.55185961      -0.67907938      -0.41894670 
     -0.55358958      -0.55273999      -0.67996054      -0.42237440 
     -0.40414566      -0.42340655      -0.55235837      -0.29218428 
     -0.74214302      -0.73546434      -0.86711439      -0.59959781 
     -0.70286879      -0.70476982      -0.83318121      -0.57261424 
     -0.59519941      -0.59693343      -0.73452818      -0.47081496 
     -0.32156177      -0.32406242      -0.45145823      -0.19007378 
     0.052962738      0.042301596     -0.093798473       0.16814590 
      0.23595725       0.21060173      0.077031580       0.34332799 
     -0.37904133      -0.38310894      -0.51659185      -0.25335796 
     -0.74616336      -0.74245750      -0.87563447      -0.62078646 
     -0.89786210      -0.89199606       -1.0314405      -0.75111030 
       

     0.010390517      -0.75757362       -1.7495154       0.37589000 
    -0.027014362      0.057907137      -0.77047918       0.90581236 
      0.75409854       0.49365763      -0.27043773        1.2615681 
     -0.57342133      -0.26680841      -0.99859475       0.45246744 
     -0.50364250      -0.13505142      -0.84986206       0.54820298 
     -0.28026135     -0.020131644      -0.75620352       0.61091207 
      0.33678949       0.50616847      -0.12038403        1.1763628 
     -0.14469286      0.014900229      -0.57413492       0.65285456 
      0.18985575       0.12490463      -0.51131261       0.74374148 
      0.55806675       0.49824511      -0.14510797        1.1228034 
      0.65768459       0.58525664     -0.066205136        1.2031037 
      0.18480648       0.23224562      -0.41836988       0.83262193 
      0.48223134       0.62468274    -0.0017207437        1.2191563 
      0.43511442       0.61975831      0.046484272        1.2479853 
       1.7099535        1.1707929       0.52086804        1.9129644 
     -0.94953692      -0.26934626      -0.97809416       0.38288571 
     0.099807538       0.35313683      -0.30272676        1.0379853 
    -0.059945738       0.23887047      -0.38655062       0.90808909 
      0.19727656       0.42321602      -0.19953606        1.0774688 
      -1.2249318       -1.0410909       -1.6417753      -0.33109876 
     -0.49544265      -0.58013568       -1.2098957      0.015830858 
     -0.54986789      -0.71631723       -1.3611935      -0.11260486 
     -0.74536770      -0.82657917       -1.4837039      -0.23386766 
      -1.6819430       -1.5990071       -2.2503478      -0.94347438 
     -0.80241945       -1.1658205       -1.8605100      -0.49431258 
     -0.21901565      -0.63027068       -1.4431428       0.13070224 
       1.0523812       0.29524477      -0.69839864        1.2078828 
       1.2409883       0.34188065      -0.56950300        1.2883324 
     -0.35707609      -0.41003300       -1.1794926       0.33239037 
      0.51924088       0.33068190      -0.38023259       0.98365734 
      0.47325731       0.43276176      -0.16455661        1.0917853 
     -0.10856173       0.33560812      -0.30463914       0.99827730 
     0.074162985       0.12777765      -0.56989016       0.75623176 
      0.66233272       0.74401114       0.14733560        1.4362810 
      0.95244270        1.1177714       0.46298105        1.7845706 
      0.44132747       0.63313950     -0.050324403        1.3436133 
       1.1523117        1.3255124       0.65485555        2.0186212 
       1.0732121        1.3896722       0.68506643        2.0894028 
       1.5068810        1.6434084       0.93374714        2.3360732 
      0.70242190        1.0885668       0.39036911        1.7885640 
       1.1777641        1.2030449       0.54300077        1.8535159 
      0.86710242       0.91002461       0.27524200        1.5512899 
       1.4733643        1.1799443       0.50857982        1.8074251 
      0.87269591       0.82399324       0.23028571        1.4642098 
      0.24379218       0.26034667      -0.37703365       0.87635096 
     -0.79886872      -0.41441804       -1.0347256       0.27365671 
      0.19881358      0.037573390      -0.62330816       0.71904320 
      -1.1013850      -0.77983514       -1.4642271     -0.060235804 
      -1.9159386       -1.2013117       -1.9765711      -0.36807827 
      -1.1218282      -0.85851544       -1.5276099      -0.10587319 
      -1.1188129      -0.90111086       -1.5659908      -0.24369303 
     -0.84788564      -0.97649204       -1.5911550      -0.33778624 
      -1.1862395       -1.0844512       -1.7305065      -0.49533665 
     -0.90619381      -0.79613483       -1.3888870      -0.17216704 
     -0.85585413      -0.91410380       -1.5261051      -0.28566393 
     -0.55978350       -1.2921447       -2.0559089      -0.54994046 
     -0.68866645      -0.91128633       -1.6736241      -0.22576227 
     -0.19058932      -0.49627148       -1.2449245       0.16273624 
     -0.10754678      -0.31352747       -1.0396045       0.38924206 
