      

      0.67661109       0.30139470      -0.53268797        1.1249587 
      0.81457972     0.0068088205      -0.60793285       0.59323578 
      0.61875204       0.29801175      -0.21915987       0.81313955 
     0.038020471      0.036114410      -0.47549680       0.52345220 
      0.63933116       0.43926434    -0.0076280184       0.90856510 
      0.48412773       0.36775745     -0.071803908       0.82272313 
      0.66228612       0.61615147       0.15967176        1.0857200 
     -0.60417629      -0.29009133      -0.76968575       0.21069111 
     -0.89763230      -0.61259565       -1.0789512      -0.11547892 
     -0.28042041      -0.22445182      -0.68215093       0.22276524 
     -0.37084376      -0.11357530      -0.54744077       0.33633868 
     -0.75541141      -0.34917327      -0.79174362      0.099034561 
     0.046668574      0.057278040      -0.37491874       0.49376628 
    -0.076814726     -0.060269506      -0.50497402       0.37288988 
     -0.17209337      0.063517638      -0.39435083       0.48788434 
     -0.31454484      -0.29097905      -0.74476235       0.12910215 
      0.32105473       0.42889875     -0.011508888       0.86925905 
      0.24760104       0.50966086      0.070663561       0.95782086 
       1.0751377       0.95350477       0.48679093        1.4083033 
      -1.3863961      -0.87734077       -1.3770686      -0.41140089 
     -0.62631285      -0.50004097      -0.91092785     -0.042478883 
     -0.75696437      -0.62605736       -1.0517744      -0.16702405 
     -0.56593577      -0.82998274       -1.3184558      -0.37916851 
      -1.7538555       -1.5463100       -2.0053847       -1.1148968 
      -1.9384239       -1.7941074       -2.2585372       -1.3178591 
      -1.2296165       -1.3213091       -1.8468414      -0.84122910 
    -0.068519006      -0.61340184       -1.2141391     -0.016024372 
     -0.21680201      -0.56319050       -1.1779843     -0.013946568 
     -0.35487567      -0.31774356      -0.82806335       0.14359227 
      0.65060934       0.42697710     -0.079007057       0.85203646 
      0.62350786       0.37883098     -0.077393343       0.83050516 
      0.42831815       0.59865811       0.15112692        1.0615367 
     -0.73214863      -0.48953174      -0.97721766    -0.0076093648 
      0.53004987       0.65021265       0.16714263        1.1445499 
       1.0958051        1.4128987       0.87517349        1.9467997 
     0.098850233       0.78441820       0.13295766        1.3565024 
       1.5181073        1.7415945        1.2217644        2.2962648 
       1.8781932        1.9676825        1.4798005        2.5012647 
       2.4249460        2.2992788        1.8169642        2.8243247 
       2.2600094        2.1541676        1.6492107        2.6505114 
       2.2933989        2.3739090        1.9065446        2.8773739 
       2.0004098        2.1146163        1.6357220        2.6048865 
       2.1357395        2.2258939        1.7654196        2.6986336 
       1.8288275        1.8938523        1.4549135        2.3719819 
       1.0400668        1.1747381       0.72998773        1.6305998 
      0.37909513       0.53184215       0.10306732       0.99344528 
      0.14994299     0.0026132683      -0.47583163       0.42539682 
     -0.52104888      -0.75997129       -1.2618553      -0.26478072 
     -0.40485418      -0.98353051       -1.5336415      -0.43051322 
     -0.56798795       -1.0667547       -1.5921564      -0.49002047 
     -0.99434819       -1.3000824       -1.8346013      -0.75616340 
      -1.6695971       -1.7811420       -2.3830251       -1.2656689 
      -1.3092032       -1.6722141       -2.2227546       -1.1123083 
     -0.93941428       -1.2532220       -1.8193666      -0.73831925 
      -1.4905584       -1.5715297       -2.1202226       -1.0400947 
      -3.1999712       -2.7381098       -3.3208938       -2.1579237 
      -1.7392939       -1.3214876       -1.9115033      -0.74230779 
      -1.2882225      -0.84506438       -1.4240868      -0.20854669 
     -0.78895926      -0.47012858       -1.0550994       0.10934513 
       
       1.2702750      -0.72382534       -1.2749177      -0.19167792 
      0.57129803      -0.75195874       -1.1982382      -0.29717077 
      -2.1594237      -0.60110663       -1.0450982      -0.17684413 
     -0.85851973      -0.64719147       -1.0635411      -0.19647150 
      0.19329972      -0.66668368       -1.1126834      -0.21876334 
      -3.4850002      -0.56015344       -1.0346642      -0.15888665 
       1.6696557      -0.40665227      -0.83274794      0.010405462 
     -0.88741128      -0.26018710      -0.67317938       0.15893844 
      0.59196537     -0.026708963      -0.42348077       0.37735933 
     -0.42737943       0.21183672      -0.17286003       0.63845481 
       2.1900679       0.37980227     -0.026022077       0.79627066 
      0.30340836       0.55330782       0.15666969       0.98160746 
      0.59179413       0.65503886       0.23614801        1.0664865 
       2.4070068       0.68829974       0.29203371        1.1244495 
     -0.79934681       0.89785179       0.44005566        1.3322580 
       1.3629857       0.54621838       0.12002268       0.95364730 
     -0.35280359       0.43219570      0.034738208       0.84869709 
      0.26138210       0.21940963      -0.22359429       0.60139345 
      0.41180093     -0.053662840      -0.45688277       0.35918683 
       2.8501331      -0.47526127      -0.87312861     -0.049407837 
      -1.5848466      -0.65187543       -1.0750684      -0.25902019 
      -1.9929370      -0.83096631       -1.2230805      -0.39427014 
      -1.2253019      -0.98829167       -1.4300707      -0.58931607 
      -2.0229412       -1.1150578       -1.5298178      -0.66729614 
     0.027154945       -1.0046063       -1.4178201      -0.55981476 
      -1.4478403      -0.83076317       -1.2483214      -0.40414673 
    -0.034676695      -0.54374112      -0.99634307      -0.13691801 
      -1.5046069      -0.17661910      -0.66437234       0.26250177 
    -0.074128045      -0.24213903      -0.72814649       0.21790586 
      0.43784805    -0.0056529827      -0.46192838       0.47889489 
      -1.4933997       0.22279994      -0.23043239       0.68648926 
       3.4365888       0.45007400      0.016269969       0.88944602 
      0.96884142       0.68349765       0.25813464        1.1312827 
       1.5015386       0.90060041       0.46187589        1.3284345 
      -1.4046729       0.99405991       0.59077883        1.4423234 
       1.8039138        1.0137728       0.56586563        1.4208409 
     -0.80380952        1.1129795       0.67423044        1.5311749 
       1.4386142        1.1221844       0.68733129        1.5574867 
       1.6714666        1.0948939       0.66167449        1.5573670 
      0.57536676       0.80057574       0.37873446        1.2482190 
      0.66659032       0.57133677       0.14541884        1.0166385 
       3.0546033       0.30643262      -0.16382273       0.73538928 
      -1.8842800       0.17806983      -0.27911982       0.63915041 
       2.2302087    -0.0086164105      -0.47635319       0.45119628 
      -1.4975941      -0.14472320      -0.58558373       0.33280998 
      0.41578818      -0.34146406      -0.78458958      0.091878529 
     -0.87375169      -0.24761381      -0.65892551       0.17110380 
     -0.79148546      -0.28547722      -0.71166086       0.12693806 
       1.1564475      -0.41638819      -0.87093914     0.0059290991 
      0.26233092      -0.34213437      -0.79484217       0.10213171 
      0.44697192      -0.35732659      -0.81878145      0.090383575 
     -0.85819473      -0.26193828      -0.72410095       0.20113036 
      -1.1567056      -0.30521661      -0.74026863       0.14254477 
     -0.98575786      -0.32035773      -0.75139685       0.11171559 
    -0.052423793      -0.37203813      -0.80558901      0.023063685 
      -1.5698328      -0.33757553      -0.75578016      0.090856559 
       1.5519131      -0.41138740      -0.82263790      0.045845101 
      0.27645322      -0.45937541      -0.99483561      0.070198025 
      -2.9061432      -0.49693222       -1.2286831       0.20108365 
      

     -0.55124823      -0.81661819       -1.3509813      -0.26775420 
     -0.79341203      -0.55305112       -1.0876727     -0.074919794 
     -0.15206485      -0.36954779      -0.84618618      0.086284238 
     -0.86356349      -0.20893319      -0.63098666       0.25199920 
      0.46259467     -0.055508362      -0.47483020       0.35704666 
       1.4288661      0.040695064      -0.37662816       0.43589951 
       1.4936883       0.12194604      -0.26429962       0.53105338 
       1.0575264       0.13368404      -0.25000074       0.52428839 
      0.52629927       0.11705950      -0.25177626       0.50709691 
     -0.20804574       0.10719254      -0.27617531       0.48602977 
      0.57371878       0.11970817      -0.28311325       0.49278604 
      0.71007212      0.095160816      -0.30964803       0.46666018 
      0.90270684       0.10057592      -0.29951903       0.47250634 
     -0.44534582      0.072364382      -0.28327446       0.47296677 
     -0.12877041     0.0013293152      -0.37113876       0.40036812 
     -0.40074630      0.014804998      -0.35521494       0.40024927 
     -0.32300326     0.0048155278      -0.37185058       0.37486370 
      0.16917626     -0.027347287      -0.40390206       0.35269531 
     -0.35948770     -0.075316694      -0.47122904       0.29543922 
     0.058056744      -0.16688588      -0.53742073       0.24893781 
      -1.3231471      -0.24660686      -0.62718652       0.16473325 
     -0.76949093      -0.30555694      -0.70861790      0.085948474 
     -0.80176801      -0.33733570      -0.73314184      0.070124655 
     -0.40804710      -0.35497110      -0.73736128      0.064522490 
     -0.66658542      -0.39723533      -0.79903155     -0.021121259 
      -1.0341712      -0.43442133      -0.80085805     -0.054390966 
    -0.061739577      -0.47465005      -0.83578860     -0.083374352 
     -0.24706289      -0.51689684      -0.90951745      -0.11362745 
      0.32061625      -0.39451212      -0.78120000      0.013874988 
      0.78895225      -0.25082733      -0.65631638       0.15651373 
      0.75031471     -0.086898493      -0.48607434       0.31955823 
       1.1352002      0.097165984      -0.30318517       0.48431571 
      0.65151555       0.18771854      -0.19541264       0.57863042 
      0.29110441       0.26800288      -0.12049668       0.65032827 
      0.86711414       0.35062682     -0.057292249       0.74448552 
       1.2034950       0.38821962     -0.029167165       0.78544711 
       1.2378250       0.43505575     0.0041862190       0.87362007 
      0.95881664       0.45312482      0.027668471       0.92803627 
       1.9745379       0.44097716    -0.0094548565       0.91425158 
      0.47010297       0.41292133     -0.059007618       0.84899856 
      0.99625206       0.37347982     -0.086616676       0.80115295 
       1.1896164       0.32948648      -0.10198926       0.74957363 
      0.74959080       0.28658279      -0.12127696       0.69065925 
      0.10993659       0.28860776      -0.10124779       0.65450510 
     -0.74279832       0.29741021     -0.060397779       0.65637054 
      0.29757507       0.35787077    -0.0039385389       0.70426318 
     -0.33763198       0.36820551      0.011431196       0.71716396 
      -1.7122069       0.39299980      0.024404815       0.76679618 
      -1.2279739       0.44308298      0.058309056       0.83780823 
     -0.59141156       0.41538101      0.028098313       0.81725561 
      -1.1331264       0.36080643     -0.029953071       0.74686740 
      -1.5650128       0.24072621      -0.14097353       0.61097081 
      0.18777337       0.14400783      -0.21721009       0.49753993 
      -2.6439066      0.038979795      -0.28200162       0.40872090 
     -0.12770932     -0.067498751      -0.39129895       0.26951529 
     -0.12499609      -0.25774956      -0.60768598      0.073951643 
      0.81617713      -0.32947498      -0.66721269      0.024263791 
      -1.2533732      -0.39987027      -0.78243899     0.0010681452 
    -0.024674137      -0.43263401      -0.90039259      0.023775568 
       

       4.9890678        3.8508964        2.1138971        5.6650495 
       3.7076710        3.3274319        2.0233947        4.5304172 
       3.0234560        2.8328334        1.8362517        3.9557202 
       1.7384887        1.9803276       0.92880309        3.0383008 
      0.83095438        1.3725136       0.30853353        2.6340671 
     -0.30465551       0.44127667      -0.89090575        1.6765649 
      -1.8787362       -1.0544855       -2.4815907       0.42574248 
      -4.7108536       -3.1138337       -4.8804744       -1.2457469 
      -5.2038234       -3.3261404       -5.0844538       -1.3230975 
      -3.8093373       -2.9027636       -4.3086238       -1.5168445 
      -3.7058901       -3.1076263       -4.2448719       -2.0795727 
      -1.8310276       -1.9416964       -3.0319706      -0.87049692 
      -1.0394020       -1.1038783       -2.2326381      0.035595626 
     -0.37116186      -0.15086757       -1.2717601       0.95005626 
       1.3828220        1.1297451      0.049947391        2.2124076 
      0.11715043        1.1455416     -0.026286854        2.2865135 
       2.2819995        3.1624359        2.0195552        4.3976367 
       4.5595221        4.8375963        3.6879146        6.0105311 
       4.5004710        4.2127159        3.0594714        5.3565794 
      0.67903153        1.1801576       0.11036970        2.3339762 
     0.074737701       0.17489354      -0.87921439        1.2437739 
      -2.4349096       -1.8707660       -3.0144234      -0.69784176 
      -3.4441498       -3.0584296       -4.1708528       -1.7532349 
      -4.9627125       -4.8175650       -6.0229632       -3.6240911 
      -4.7205995       -5.6905909       -7.1021277       -4.3924291 
      -5.4410242       -6.1293382       -7.7118511       -4.6407757 
      -5.1955171       -5.6194793       -7.3591927       -3.9104668 
      -3.9024512       -4.7569595       -6.6500198       -3.1780119 
      -1.3885387       -2.4923554       -4.1608928      -0.92938843 
      0.56891409      -0.59580755       -2.0458525       0.83105423 
     -0.16489706     -0.061866151       -1.3886801        1.3110988 
       3.4949292        1.7882516       0.36603725        3.4472476 
     -0.10057262       0.62458893      -0.80154561        2.2375121 
       4.2441742        3.0951309        1.5358592        4.5351814 
       5.5751164        3.9843800        2.1751039        5.7411476 
       5.2699969        3.9801927        2.1940183        5.7528586 
       6.1925807        5.1519686        3.1909644        6.7304538 
       7.6717480        6.9041818        4.9759671        8.6974193 
       10.186467        9.0180673        6.7479366        10.819385 
       11.342407        9.9820751        7.6038416        11.913550 
       10.737266        9.6460163        7.3847837        11.470419 
       9.9403908        9.0515671        6.9980293        10.645370 
       9.5245012        8.6779841        6.8622277        10.233930 
       7.1796295        6.5809595        5.1345316        7.9466227 
       5.3301131        5.3152409        4.1482646        6.4477988 
       3.7603408        3.7000461        2.6198532        4.8751327 
       1.2687374        1.5410957       0.42112427        2.6577380 
      -1.3731769      -0.97882834       -2.1794243       0.15565326 
      -4.3309479       -3.4882959       -4.8353694       -2.1442993 
      -6.0101622       -5.2826578       -6.7747242       -3.6037098 
      -8.7518177       -7.3917099       -9.2574856       -5.1690759 
      -10.180998       -8.2312455       -10.446883       -5.6389539 
      -9.1384339       -7.7335995       -9.9119230       -5.2720807 
      -9.5583256       -7.9367460       -10.050835       -5.4866432 
      -9.4855997       -7.8477347       -10.002128       -5.4152019 
      -9.4120781       -7.5386568       -9.6867827       -5.1773854 
      -5.0369222       -4.9079340       -6.6306861       -3.0816638 
      -4.9636977       -4.1863013       -5.6070837       -2.5078253 
      -2.8074820       -2.6848933       -3.9940991       -1.2423182 
       

      -1.2232512       -1.6162948       -2.7261323      -0.36754972 
      -1.1017878       -1.1348576       -2.0315807      -0.18835933 
     -0.25681812      -0.47186227       -1.2539307       0.45525485 
     -0.54952803      -0.46416540       -1.2420893       0.33513721 
      0.23057597       0.34074981      -0.39077259        1.1483950 
      0.19972943       0.48291118      -0.18758661        1.3217259 
       1.5650341        1.4134500       0.69932811        2.1741060 
      0.69456780       0.67223433     -0.073159584        1.3605250 
     0.037736849       0.15822154      -0.55153852       0.85944359 
      0.46189029       0.54364227      -0.16097403        1.2077619 
      0.91236163       0.85548616       0.15277587        1.5191258 
     0.020782335      0.078574178      -0.63334684       0.72861339 
      0.31560710       0.37361903      -0.31744170        1.0341145 
     -0.38742353      -0.14056279      -0.79271237       0.57046472 
     -0.68169907      -0.40643812       -1.1098407       0.26120386 
      -1.1235298      -0.81060574       -1.4774598     -0.081835791 
     -0.23998610      -0.32042551       -1.0128236       0.33712659 
     -0.64448791      -0.66247639       -1.3198285      0.031701632 
      0.41396352       0.18251414      -0.57741758       0.86269857 
      -1.5655583       -1.5707171       -2.2935053      -0.90049344 
     -0.84745008      -0.76339426       -1.4244475     -0.069624655 
     -0.25331838      -0.29907221      -0.99144483       0.37512890 
     -0.37799128      -0.32904795      -0.98541928       0.37348341 
     -0.60644313      -0.79268712       -1.5232298      -0.15129412 
      -1.3331971       -1.0127123       -1.7482211      -0.28577044 
     -0.61295674      -0.26856079       -1.0056018       0.48534741 
     -0.12205554       0.46773566      -0.32167992        1.2986702 
     -0.54030360       0.24586068      -0.56929374        1.1039327 
      0.14234705       0.24636902      -0.51082854       0.94968839 
      0.53920195       0.72264261      0.065709634        1.4519894 
      0.44174289       0.50014246      -0.19287162        1.1919307 
      0.89944213       0.41234189      -0.34277573        1.1224145 
     -0.92293294      -0.99015998       -1.7411022      -0.23511552 
      0.50618405      0.063312805      -0.75484217       0.88509038 
       1.9055649        1.1153610       0.12836602        2.0304360 
      0.92480769       0.20661248      -0.77070036        1.1841112 
       2.0168771        1.2207040       0.26264854        2.2107910 
       1.6523007       0.96346813      0.054589173        1.8478758 
       1.0726009       0.71518280      -0.20279600        1.4711690 
      0.31351831       0.23772035      -0.57976155       0.99524400 
      0.96790237       0.75699220     -0.033441847        1.5013693 
      0.74809156       0.58141670      -0.21147684        1.3064204 
       1.1325942       0.87474636       0.12378216        1.5838811 
       1.3322288        1.1038474       0.38642841        1.8548986 
      0.64379357       0.39858841      -0.28110898        1.1232920 
     0.043745203     -0.060088810      -0.73848263       0.61937833 
     -0.47081831      -0.40076720       -1.0508926       0.32949325 
      -1.3088280      -0.81277492       -1.5433733     0.0046797790 
     -0.91844914      -0.40917857       -1.1454471       0.53314680 
     -0.55791151     -0.037452625      -0.86372554       0.90494544 
    -0.062078260       0.35799757      -0.47920130        1.2955588 
     -0.58589957      -0.18197187       -1.0410924       0.75268676 
     -0.70509607      -0.23173881       -1.0853649       0.69005695 
     0.099284616       0.49189526      -0.32451525        1.3882619 
     -0.30018685     0.0031418202      -0.81418039       0.86848309 
      -2.1671369       -1.9199829       -2.7541177       -1.0649235 
    -0.098405202      -0.38277532       -1.3008957       0.44403578 
      0.52839796       0.17289933      -0.76956430       0.99747738 
      0.68438455       0.23677477      -0.66061764        1.1231915 
      
     -0.17311637       0.72684217       0.41758642        1.0100205 
   -0.0039841474       0.60023827       0.44575734       0.75993710 
     -0.35085088      0.015749815      -0.12551762       0.15569006 
     -0.52454376      -0.27722305      -0.44914780      -0.11437943 
      0.11767950       0.17081706      0.019782852       0.33155066 
      0.15350592       0.13865245    -0.0077336412       0.29303707 
    -0.024667521     -0.078339312      -0.22333526      0.062756989 
     -0.12368955      -0.21005160      -0.34369501     -0.075810058 
     -0.45567663      -0.51393529      -0.64066775      -0.39198476 
    -0.070251013      -0.16434681      -0.28177352     -0.036911229 
     -0.12396665      -0.21574357      -0.33892321     -0.095524642 
     -0.10168337      -0.17717527      -0.30462169     -0.056669753 
     -0.31306662      -0.33886175      -0.46335375      -0.21525921 
      0.12256519      0.071658426     -0.043412573       0.19982758 
      0.31853958       0.28037136       0.15581161       0.40167069 
      0.47362429       0.44852897       0.32372146       0.57514600 
      0.41987154       0.42060776       0.29859009       0.54195750 
      0.72958774       0.75307009       0.63765970       0.88715197 
       1.8781004        1.7907361        1.6524973        1.9216509 
      0.76463126       0.72997480       0.60427384       0.85144073 
     -0.74558821      -0.68532963      -0.81706785      -0.55869562 
     -0.52348758      -0.53754984      -0.65791010      -0.41837770 
     -0.88468021      -0.87695372      -0.99997742      -0.75521649 
     -0.94406874      -0.98588389       -1.1066378      -0.85215446 
      -1.6163527       -1.5958709       -1.7136209       -1.4691470 
      -1.6259580       -1.6224431       -1.7419237       -1.4955484 
      -1.3478501       -1.3748969       -1.5047445       -1.2571371 
      -1.4026949       -1.4177064       -1.5455257       -1.2953413 
      -1.5963653       -1.5777726       -1.6994400       -1.4562054 
      -1.2047077       -1.2321930       -1.3580740       -1.1080390 
      -1.1616204       -1.1996091       -1.3222190       -1.0714653 
      -1.2174352       -1.1969708       -1.3176287       -1.0715919 
     -0.84631769      -0.81077360      -0.93548751      -0.68501920 
     -0.10292238      -0.14158485      -0.27028666     -0.016744010 
      0.67794205       0.63818902       0.51197777       0.76519791 
       1.1016948        1.1440676        1.0150807        1.2705307 
       1.6484715        1.6050657        1.4836750        1.7353142 
       1.9776294        1.9963542        1.8769575        2.1266089 
       2.4635326        2.4530821        2.3281590        2.5766923 
       2.6846324        2.6828787        2.5602358        2.8056909 
       2.7198207        2.6854957        2.5697265        2.8150138 
       2.0667417        2.0685362        1.9405404        2.1916347 
       1.4106667        1.4007288        1.2850207        1.5327925 
      0.67771873       0.67473127       0.55076528       0.79652981 
     0.018075981      0.031134113     -0.098615031       0.14913863 
     -0.23689333      -0.23535144      -0.34996358      -0.10448794 
     -0.29317540      -0.30148507      -0.42307407      -0.17635188 
     -0.55709487      -0.56272651      -0.68688265      -0.44009602 
     -0.55358958      -0.53548700      -0.65773313      -0.41215065 
     -0.40414566      -0.44089267      -0.56700795      -0.32068504 
     -0.74214302      -0.74338819      -0.86268606      -0.61744647 
     -0.70286879      -0.70583329      -0.82934005      -0.58221147 
     -0.59519941      -0.59351053      -0.71340973      -0.46678786 
     -0.32156177      -0.32480885      -0.44799505      -0.20108533 
     0.052962738      0.039853706     -0.085408055       0.16688736 
      0.23595725       0.21628300      0.096261675       0.34549339 
     -0.37904133      -0.37715791      -0.50302602      -0.24942942 
     -0.74616336      -0.75995315      -0.89390187      -0.64103125 
     -0.89786210      -0.89088582       -1.0422556      -0.74476068 
       

     0.010390517      -0.87615623       -1.4339873      -0.32529541 
    -0.027014362      -0.17480660      -0.66044375       0.29259003 
      0.75409854       0.41883586     -0.071505673       0.92172347 
     -0.57342133      -0.44689841      -0.94334532      0.063282161 
     -0.50364250      -0.42698723      -0.89947778       0.10555446 
     -0.28026135      -0.10169843      -0.60844277       0.38775841 
      0.33678949       0.17031298      -0.34474999       0.67705978 
     -0.14469286      -0.10015190      -0.61285144       0.41547783 
      0.18985575      0.087109968      -0.43219625       0.61629364 
      0.55806675       0.49491379     -0.026193843        1.0382270 
      0.65768459       0.43645834      -0.10986538       0.92706334 
      0.18480648       0.52786606     -0.030856848        1.0844679 
      0.48223134       0.57034541      0.067158366        1.0762076 
      0.43511442       0.49422345    -0.0076035804        1.0244798 
       1.7099535        1.3968054       0.84764533        1.9495446 
     -0.94953692      -0.61689605       -1.1480306     -0.058529232 
     0.099807538       0.23769799      -0.28017937       0.75573504 
    -0.059945738      0.078176267      -0.44591591       0.58763716 
      0.19727656       0.28138845      -0.25547615       0.77739435 
      -1.2249318       -1.1026506       -1.6407079      -0.57002969 
     -0.49544265      -0.47235497      -0.99889135      0.036038333 
     -0.54986789      -0.59918823       -1.1136622     -0.097188161 
     -0.74536770      -0.88110329       -1.4044909      -0.35446203 
      -1.6819430       -1.3615204       -1.8804475      -0.80379836 
     -0.80241945      -0.81843084       -1.3201772      -0.27511379 
     -0.21901565      -0.22883760      -0.75138364       0.29644815 
       1.0523812       0.74033967       0.17511673        1.2987814 
       1.2409883        1.3233757       0.73632052        1.9707745 
     -0.35707609      -0.34780176      -0.92752908       0.19387893 
      0.51924088       0.63378453       0.10289003        1.1518591 
      0.47325731       0.45159193     -0.061844384        1.0333994 
     -0.10856173       0.32298843      -0.19115357       0.91045904 
     0.074162985      0.085222031      -0.42581536       0.65693255 
      0.66233272       0.72101348       0.20166470        1.2340450 
      0.95244270       0.92021168       0.36730181        1.4275087 
      0.44132747       0.52154073    -0.0053909261        1.0480082 
       1.1523117        1.2198454       0.69829982        1.7346805 
       1.0732121        1.2278802       0.70046299        1.7473886 
       1.5068810        1.4933774        1.0085922        2.0363277 
      0.70242190       0.79364321       0.28402497        1.3153051 
       1.1777641        1.1218090       0.56489552        1.6027786 
      0.86710242       0.83755647       0.28738808        1.3504646 
       1.4733643        1.2405401       0.69788834        1.7643513 
      0.87269591       0.71933013       0.20110551        1.2618279 
      0.24379218       0.23845745      -0.32490117       0.75542907 
     -0.79886872      -0.68073978       -1.2049747      -0.11254357 
      0.19881358      -0.12512346      -0.67470320       0.44273276 
      -1.1013850       -1.0291643       -1.5707301      -0.47593142 
      -1.9159386       -1.7163193       -2.2970887       -1.1503393 
      -1.1218282       -1.0411333       -1.5566968      -0.45392809 
      -1.1188129       -1.2805009       -1.8277350      -0.71502559 
     -0.84788564      -0.94445877       -1.4792456      -0.40274164 
      -1.1862395       -1.2316833       -1.7479778      -0.69163734 
     -0.90619381      -0.77087248       -1.2684462      -0.19340178 
     -0.85585413      -0.90927963       -1.4364655      -0.35791108 
     -0.55978350      -0.81715334       -1.4196492      -0.22109912 
     -0.68866645      -0.62512420       -1.1671671     -0.019739438 
     -0.19058932      -0.18175168      -0.73421926       0.40361697 
     -0.10754678     -0.038369022      -0.60451915       0.50997696 
       

     -0.63589167       0.19779201      -0.36616788       0.88416107 
      0.94104763     0.0051650801      -0.44519036       0.45955047 
       1.8713149       0.20529143      -0.17672274       0.62417626 
      0.16233730      0.029346921      -0.35617650       0.36622503 
      -1.7369803       0.29124087     -0.048626543       0.70221122 
      -1.9153211       0.24287055     -0.091141222       0.60822840 
      -4.0488584       0.40314667     -0.021568807       0.79240402 
      -3.8662866      -0.19979447      -0.58072137       0.16742565 
      -3.3022730      -0.41583557      -0.84800747      0.029222436 
      -1.6644185      -0.15478120      -0.53968201       0.14109542 
     -0.40112076     -0.076257283      -0.43329950       0.22536122 
       1.5919376      -0.22763756      -0.58121478      0.099430471 
       2.3000601      0.039333283      -0.26468187       0.37437960 
       2.7052227     -0.037481646      -0.36061918       0.27114110 
       4.0982616      0.050893862      -0.28096406       0.37041578 
       3.1773117      -0.19056364      -0.54508507       0.11055574 
       3.1313165       0.29070311     -0.042576703       0.67661986 
       1.8229645       0.34577325     -0.025202986       0.73920226 
      0.75745991       0.63597195       0.12027111        1.2022411 
     -0.57036545      -0.58338707       -1.0758821     -0.051137766 
      -1.6615557      -0.33746832      -0.71617963      0.044902760 
      -3.0222556      -0.42467796      -0.83040564      0.018302373 
      -4.1504459      -0.56794711       -1.0795513     -0.017723369 
      -4.4188339       -1.0418459       -1.8662273      -0.23389901 
      -5.5819944       -1.2093758       -2.1719947      -0.28943668 
      -3.1941441      -0.88914994       -1.6077968      -0.13826906 
      -1.0454123      -0.41638804      -0.91725755      0.079076232 
      0.55543947      -0.37714349      -0.86803051      0.056023183 
      0.99568796      -0.21013539      -0.60737183       0.12514551 
       1.0078947       0.28409329     -0.078050903       0.66127239 
       1.4938078       0.25384185     -0.091082703       0.62808836 
       3.5074483       0.40920418    -0.0090509103       0.83637618 
       3.4336700      -0.31699104      -0.72109963      0.049182605 
       2.3907912       0.43944791     -0.011004614       0.88322689 
       1.9607950       0.95021947       0.13605294        1.6992284 
       2.2483314       0.53585583     -0.021992052        1.0719264 
       3.7498708        1.1746045       0.24939457        2.1104414 
       4.9146870        1.3281466       0.27168827        2.3535475 
       5.8633538        1.5513600       0.29713076        2.6903410 
       6.0188420        1.4575488       0.30185029        2.5727305 
       5.2881281        1.6042975       0.36729503        2.8513132 
       4.8427561        1.4303427       0.22895305        2.4772604 
       3.6745617        1.5022346       0.30089035        2.5997919 
       1.4321097        1.2752349       0.30993452        2.2765874 
     -0.71299687       0.79005197       0.12455905        1.4275693 
      -1.0673256       0.35994037     -0.021930811       0.77274850 
      -3.6669274    -0.0042413075      -0.31733016       0.33576528 
      -3.2636054      -0.51408487      -0.98814308    0.00076792848 
      -3.3088114      -0.66876049       -1.2870141     -0.059915499 
      -4.0353022      -0.72527722       -1.3539655     -0.053974161 
      -5.9155037      -0.88806673       -1.6363546      -0.11255140 
      -6.1779375       -1.2105174       -2.1717476      -0.20087564 
      -3.7065734       -1.1352638       -2.0209065      -0.15391117 
      -1.7613976      -0.85207927       -1.5764844     -0.092251153 
     -0.31076162       -1.0595234       -1.9115927      -0.19544410 
     -0.69950130       -1.8319023       -3.1183629      -0.38071061 
      0.57780102      -0.88337773       -1.6156583      -0.13218889 
      -1.2206652      -0.57354874       -1.1556101     0.0040747388 
      0.56046456      -0.31482554      -0.81058064       0.11567426 
       

     -0.53348824      -0.49513155      -0.91424438     -0.082017946 
     -0.38830539      -0.51478764      -0.87507966      -0.13510051 
    -0.014088247      -0.41188320      -0.74111548     -0.062577228 
      -1.8875464      -0.44349844      -0.80497617      -0.11487526 
      -1.2278373      -0.45693689      -0.80043902     -0.093992528 
       1.1628952      -0.38401473      -0.72632934     -0.065616000 
     -0.31553536      -0.28047005      -0.61042240      0.017930374 
      -2.3527816      -0.18150457      -0.50858277      0.094087742 
      0.48362352     -0.021566533      -0.30265613       0.25039267 
      -1.1106296       0.14199856      -0.13213371       0.43033585 
      0.73344133       0.25828935     -0.040190060       0.54823060 
       1.8182319       0.37872358      0.065037663       0.69804645 
     -0.22856073       0.44865338      0.086958844       0.75340820 
     -0.18011133       0.47215130       0.12395714       0.81061448 
       2.1697002       0.61748118       0.22795532        1.0325218 
      0.83736122       0.37762314      0.061589552       0.71474674 
      0.20686216       0.30091208    -0.0064491009       0.61753222 
       1.4553836       0.15506313      -0.13835173       0.45396975 
     -0.24852620     -0.033471764      -0.32556637       0.23992104 
      0.75240489      -0.32431617      -0.62837914     -0.015901222 
      -2.1011721      -0.44721092      -0.77668833      -0.11440484 
      -1.2494368      -0.57111678      -0.93506499      -0.20058243 
      -1.8302522      -0.67890256       -1.0659062      -0.26850954 
      -1.5370500      -0.76443788       -1.1748283      -0.32779695 
       1.8214247      -0.68735174       -1.0678154      -0.27942484 
     -0.48032170      -0.56962352      -0.95065548      -0.21621857 
      -1.0865338      -0.37536722      -0.70554013     -0.030951588 
      -1.2064256      -0.12510120      -0.47639757       0.18327717 
      -1.0812579      -0.17083933      -0.50911128       0.16735797 
      0.72148667    -0.0073665991      -0.32671577       0.32566097 
      0.66004597       0.15112034      -0.16066999       0.47166508 
      -1.9896551       0.30958056     -0.010461788       0.63401680 
       4.6804996       0.47220392       0.11189106       0.83276636 
       1.0234256       0.62066903       0.22519943        1.0149024 
     -0.50723631       0.68391422       0.25892358        1.0663766 
       1.3849474       0.69780393       0.26558357        1.0937728 
      0.67819660       0.76681606       0.30786291        1.1880249 
      0.93952854       0.77487009       0.28618163        1.2044778 
       3.0260527       0.75777100       0.27496523        1.1954019 
       2.0909089       0.55558066       0.15086686       0.92860010 
     -0.55076957       0.39651544      0.062496806       0.75569039 
      0.16368705       0.21257673      -0.10457971       0.54286376 
       1.6951653       0.12337608      -0.19080011       0.45787815 
      -1.1040519    -0.0052370342      -0.34706571       0.29905765 
       1.1474751     -0.098510409      -0.41528775       0.22568501 
      -1.3799682      -0.23338545      -0.55034984      0.075180916 
      -1.1883515      -0.16830938      -0.46279751       0.12552955 
      0.50612344      -0.19248025      -0.49364241      0.093254849 
      0.40680877      -0.28056435      -0.59540327      0.022998941 
       1.9903477      -0.22957149      -0.54713758      0.091058640 
      -2.9644663      -0.24156831      -0.57769090      0.065309969 
       1.2906598      -0.17692275      -0.50400897       0.14180115 
      -1.2503248      -0.20737145      -0.53560609      0.086317677 
     -0.42680584      -0.21843111      -0.53136684      0.078863035 
      0.61727200      -0.25530170      -0.56569315      0.035761672 
     -0.89222366      -0.23370536      -0.53622808      0.075278811 
      -1.8633645      -0.28647439      -0.62296115      0.021472031 
     -0.34960807      -0.32130825      -0.71619783      0.069748535 
      -1.3562058      -0.34913357      -0.86961015       0.16365987 
      

      0.66115460      -0.33432895       -1.1789245       0.35271470 
      0.57318119      -0.21765220      -0.80866824       0.28210490 
       1.9282165      -0.13720300      -0.55982252       0.26921586 
      0.45323567     -0.071195259      -0.41800837       0.22871364 
     -0.10183178    -0.0080593458      -0.27811958       0.26503694 
      0.88114738      0.029963930      -0.21963113       0.30300792 
      0.12627559      0.060392221      -0.17859815       0.34653517 
      0.18397632      0.061373736      -0.18395226       0.33420463 
    -0.098922773      0.051952722      -0.18966421       0.31716810 
     -0.40348216      0.048227535      -0.18146777       0.32636645 
     -0.22181211      0.056309401      -0.18204117       0.33552180 
      0.50003421      0.049259401      -0.19307336       0.31472386 
       1.4388809      0.055454156      -0.16690983       0.33623453 
      0.30445048      0.045499785      -0.16858955       0.32631454 
       1.0151193      0.015239047      -0.22693570       0.28039349 
      0.44832980      0.022649346      -0.21365920       0.26876621 
     -0.44924760      0.017757955      -0.21449130       0.26430326 
     0.047772288     0.0055310909      -0.23301580       0.26044698 
     -0.36242398     -0.013487035      -0.26462594       0.24277761 
      0.33401510     -0.052697953      -0.32578098       0.21282567 
      0.18438783     -0.088844673      -0.41881314       0.17775389 
      0.29980220      -0.11809631      -0.46773322       0.17992795 
     -0.44650932      -0.13695648      -0.52533158       0.16134081 
      0.22854312      -0.14987278      -0.53763087       0.17873429 
     -0.15823320      -0.17626492      -0.57941269       0.18163252 
     -0.43253265      -0.20121094      -0.63421744       0.19069741 
     -0.23824051      -0.22746283      -0.73435818       0.17661985 
      -1.9350535      -0.25575952      -0.77053307       0.23509472 
      -1.8748150      -0.20535158      -0.66548536       0.16869081 
      -1.4557440      -0.14304273      -0.51166839       0.14263680 
      -1.6337117     -0.069374052      -0.34882290       0.18595563 
     -0.42993293      0.017800735      -0.21998754       0.29199044 
     -0.40921703      0.063016187      -0.18863696       0.34682351 
     -0.42434714       0.10486712      -0.18576917       0.41554071 
      0.13820129       0.14896973      -0.16520745       0.52929789 
     -0.22171165       0.17135629      -0.16709753       0.58140642 
      0.22643106       0.19836580      -0.18771173       0.63570256 
     -0.37433673       0.21328785      -0.17138477       0.69734914 
      0.81379396       0.21590856      -0.17091628       0.68766973 
      0.72532337       0.21214594      -0.17609274       0.65309658 
       1.0703093       0.20029668      -0.15462853       0.61725110 
       1.1465622       0.18248020      -0.15701735       0.57101588 
       1.5021411       0.16148059      -0.15374199       0.51814282 
       1.2260875       0.15748902      -0.14495678       0.50921627 
      0.63962245       0.15382996      -0.12164671       0.53955030 
      0.99860908       0.17128304      -0.16744230       0.57761950 
      0.52750790       0.16372918      -0.19159244       0.56664460 
     -0.95669161       0.16353798      -0.21451554       0.58119202 
      -1.3448835       0.17905007      -0.25413716       0.62619112 
     -0.46378400       0.16337584      -0.23027970       0.60925477 
      -1.1680876       0.13809501      -0.21863510       0.55641544 
     -0.55762260      0.087352617      -0.21325139       0.41499463 
       1.1367326      0.047158146      -0.20340943       0.32853828 
      -2.7657074  -1.6115870e-005      -0.23401183       0.22147739 
     -0.57368079     -0.041423736      -0.26346426       0.15664619 
      0.35211344      -0.11946589      -0.43640382       0.12306280 
      0.39463412      -0.14659303      -0.48027539       0.15629482 
     -0.90117679      -0.17534455      -0.60435515       0.15691239 
      0.19146542      -0.18610733      -0.65145758       0.19401722 
      

       4.3206453        5.4867060        3.3054353        7.8877435 
       4.1021797        4.7699171        3.0704396        6.4397222 
       4.8017738        4.0935182        2.5356043        5.8226934 
       4.1148211        2.9081688        1.1618504        4.7123750 
       3.0728041        2.0555352       0.23306172        4.0147006 
       1.0633309       0.73054171       -1.1566286        2.7526287 
     -0.19496125       -1.4060155       -3.3409090       0.63177913 
      -4.1767969       -4.3291859       -6.3267355       -1.9300487 
     -0.77198988       -4.6267215       -6.8118294       -2.3184498 
      -4.5025920       -4.0993213       -5.7386953       -2.3870162 
      -6.9436445       -4.4730248       -6.0512523       -2.8749434 
      -3.2211206       -2.8490923       -4.7184571       -1.1480287 
      -5.0025677       -1.6594255       -3.6567174     0.0081274268 
      -1.7339522      -0.26914062       -1.9863376        1.3335633 
       1.0142177        1.5992955      0.044392019        3.0574884 
      0.54597817        1.7009230      -0.17122350        3.4155629 
       7.0118228        4.6447139        2.4890995        6.9645100 
       10.101216        7.0469791        4.7336595        9.5661788 
       5.9276822        6.0984237        4.1296239        8.2013483 
       1.7941779        1.7400927       0.11606011        3.5672317 
      0.78379030       0.28680023       -1.3132616        1.8471753 
      -2.4484039       -2.6481710       -4.1527414       -1.0567175 
      -4.3864928       -4.3703637       -5.9713384       -2.7883570 
      -5.1443378       -6.9546907       -9.0183448       -5.0803880 
      -12.580995       -8.3080134       -11.145412       -5.4214708 
      -12.385367       -8.9794044       -12.442283       -5.9297216 
      -10.361626       -8.2624502       -11.930726       -5.0090953 
      -14.636866       -7.0343498       -10.737805       -3.9629590 
      -3.0896153       -3.7449782       -6.7119661       -1.1784543 
      -3.6757097      -0.97359798       -3.2179009        1.1245804 
     -0.11749566      -0.14880059       -2.1113005        1.7676929 
       2.3911535        2.4866522       0.66370525        4.5642718 
      0.49570092       0.86922316       -1.1415798        3.0278216 
       3.9171613        4.3584671        2.6053131        6.1416047 
       4.9287629        5.5989852        3.5187496        7.5239579 
       4.4276482        5.5909813        3.4943523        7.4972001 
       6.2753625        7.2919068        5.3210546        9.0381927 
       10.301675        9.8327865        7.9743486        11.636070 
       12.501014        12.864635        10.935880        14.714472 
       13.291588        14.248629        12.326122        16.211256 
       14.383669        13.781717        11.805935        15.728123 
       11.624331        12.954903        11.044077        14.905947 
       16.227081        12.439333        10.360981        14.315989 
       6.0371305        9.4463732        7.6860454        11.365848 
       11.750472        7.6824496        5.8014038        9.9086689 
       6.8023170        5.3812840        3.4763943        7.6196956 
       3.5944322        2.2797717       0.51340581        4.1566231 
     -0.81542832       -1.3536412       -2.9367658       0.26839411 
      -5.7907823       -4.9592700       -6.6122655       -3.3916411 
      -7.6159140       -7.5252621       -9.2499550       -5.7890526 
      -10.500186       -10.503702       -12.398907       -8.5262868 
      -8.4515693       -11.662994       -13.939900       -9.5192030 
      -10.541568       -10.958512       -13.152013       -8.6785990 
      -11.119845       -11.256280       -13.302075       -9.0031563 
      -9.5406045       -11.126308       -13.295710       -8.9247821 
      -9.8677788       -10.686593       -12.737387       -8.5213186 
      -6.0982835       -6.9681224       -9.0476188       -5.0967832 
      -4.1999937       -5.9409957       -7.6978462       -4.2325443 
      -4.7786692       -3.8189764       -5.4910728       -1.8065457 
       

     -0.56241097       -1.0268413       -1.8732463      -0.18739240 
     -0.39873166      -0.72492161       -1.3785398     -0.045982724 
     -0.35175156      -0.30441687      -0.83994073       0.31396684 
      0.98860801      -0.29237922      -0.81523006       0.22776130 
       1.5403939       0.22115260      -0.26844997       0.75287417 
       1.1573904       0.30956674      -0.12258758       0.85805582 
       1.4068404       0.90406721       0.33370267        1.4969874 
       1.0631077       0.43218131     -0.034821093       0.93307343 
      0.30409853       0.10132248      -0.38170404       0.53647677 
     0.022451381       0.34404053     -0.087245806       0.81101445 
       1.0159365       0.54767885      0.060766636        1.0258187 
      0.21700495      0.049048081      -0.39364943       0.47788813 
      0.22271078       0.23622458      -0.20709434       0.67442714 
      0.42972910     -0.089629751      -0.55645395       0.32299683 
      0.84190205      -0.25625402      -0.71665326       0.17559788 
      0.77566474      -0.51197909      -0.98319735     -0.050727341 
      0.35891366      -0.20471437      -0.63514243       0.23850078 
      0.11434508      -0.42329591      -0.90524525      0.011736171 
      0.68055112       0.11559024      -0.35764437       0.57258655 
     -0.47544407       -1.0010186       -1.5574764      -0.41901020 
    -0.038716129      -0.48689911      -0.97111706     -0.024238456 
     -0.51677331      -0.19205392      -0.65228975       0.24696448 
      -1.6858970      -0.21808768      -0.68377521       0.22204654 
      -2.1947766      -0.51280613       -1.0112212     -0.013157735 
      -1.1446834      -0.64776689       -1.1768117      -0.13059233 
      -1.5688340      -0.17906903      -0.67394805       0.31319339 
      -1.5213214       0.28735125      -0.21085873       0.81943828 
     -0.88416594       0.15060224      -0.38571416       0.69086574 
      -1.1181565       0.15315901      -0.32513001       0.60995846 
     -0.35755647       0.45838863      0.025239688       0.95435701 
      -1.1375813       0.31387464      -0.12549764       0.77699119 
      -1.2660693       0.25835391      -0.21577831       0.74444283 
      -2.4265522      -0.63752668       -1.1906098      -0.10555181 
      -1.5434406      0.035557855      -0.51821992       0.54516175 
      0.28436651       0.71398050      0.018518545        1.3971068 
     -0.60728598       0.13290294      -0.51160381       0.77499271 
     -0.15399215       0.77657771      0.033636921        1.4347108 
     -0.93070711       0.60870195    -0.0034968764        1.2529277 
     -0.20224627       0.45265014     -0.095967926        1.0344801 
      0.73027685       0.15343586      -0.37523714       0.64592341 
       2.2529861       0.49096960     -0.054137977        1.0336892 
       1.9705856       0.37728746      -0.16740895       0.86615415 
       1.8453622       0.56151315      0.044201002        1.0878959 
       2.7210889       0.71002643       0.16200811        1.2688858 
       1.6036797       0.25740631      -0.19815012       0.73047099 
       1.6310149     -0.032815585      -0.46648175       0.41239854 
      0.52307892      -0.25633241      -0.72414499       0.19022319 
      0.95617706      -0.51397728       -1.0327599      0.028212984 
      0.40159448      -0.25987756      -0.81352766       0.29502826 
      0.42826099     -0.023026699      -0.58951795       0.56308167 
       1.4932423       0.23518123      -0.30158296       0.87038768 
      0.24807199      -0.11396396      -0.68675888       0.49010231 
     -0.82544593      -0.15142220      -0.67946899       0.48877521 
      0.28051513       0.31417444      -0.22311949       0.90120863 
     0.066544473     0.0032257024      -0.50699589       0.55633510 
      -2.5932530       -1.2311503       -1.9221489      -0.48680244 
     -0.97663895      -0.24557145      -0.78545854       0.34279931 
     -0.40168321       0.11136090      -0.45568622       0.66869872 
      -1.7514566       0.14023138      -0.41255844       0.73682614 
      

     -0.41017961       0.45438262       0.21741099       0.67454423 
     -0.20614914       0.37428269       0.23069250       0.52200119 
     -0.75970813     0.0094834079     -0.084605820      0.092543126 
     -0.57167894      -0.17245002      -0.28948028     -0.058053381 
     -0.39238456       0.10552293     0.0047405391       0.20515326 
     -0.22176612      0.085934805    -0.0071516469       0.18625030 
    -0.059494911     -0.049096040      -0.14194848      0.040889193 
     0.094920932      -0.13104198      -0.22393085     -0.040684506 
      0.24203504      -0.31967264      -0.43559995      -0.20620492 
      0.38236627      -0.10255105      -0.18298187     -0.019042525 
     0.016306814      -0.13457345      -0.22199312     -0.052807442 
      0.14403442      -0.11051644      -0.19642910     -0.028510324 
      0.26574123      -0.21061905      -0.30433548      -0.11445790 
      0.38155395      0.044457160     -0.032444816       0.12411473 
      0.49145774       0.17489436      0.082946007       0.26746044 
      0.59522388       0.27933053       0.16849937       0.38894445 
      0.69234106       0.26245632       0.16055791       0.37811007 
      0.78195051       0.46955779       0.31324862       0.62644384 
      0.86278533        1.1143884       0.80072343        1.4206441 
    -0.066885513       0.45394167       0.30935155       0.59605161 
     -0.38430775      -0.42590455      -0.56348699      -0.29095698 
     -0.34166073      -0.33483702      -0.44787587      -0.20995993 
     -0.69085902      -0.54602326      -0.71020459      -0.37294315 
      -1.0585791      -0.61479589      -0.81805688      -0.43321486 
      -1.0710411      -0.99382841       -1.2815012      -0.71423749 
      -1.1037789       -1.0104963       -1.3103916      -0.73196060 
      -1.1566325      -0.85682085       -1.1065684      -0.60056270 
      -1.2287274      -0.88302249       -1.1313053      -0.61914102 
      -1.3184417      -0.98250138       -1.2704461      -0.71338953 
      -1.4233609      -0.76798938      -0.99856558      -0.53798156 
      -1.5402220      -0.74808762      -0.97462937      -0.51761536 
     -0.78984761      -0.74531546      -0.96419199      -0.52629594 
     -0.29207343      -0.50475069      -0.66838172      -0.34704025 
     -0.41621673     -0.088562656      -0.17358997    -0.0072265413 
      0.34361226       0.39711294       0.26468574       0.52929050 
       1.6185880       0.71348999       0.50455162       0.93859352 
       1.5396949       0.99973812       0.70584277        1.2845525 
       2.3619302        1.2442497       0.89079454        1.6088308 
       2.5893533        1.5282137        1.1160139        1.9763177 
       2.5995723        1.6714415        1.2025300        2.1467272 
       2.2686011        1.6725725        1.2103672        2.1432132 
       1.8458537        1.2885413       0.90619697        1.6373292 
       1.2043509       0.87254291       0.61768566        1.1315844 
      0.59098408       0.42049368       0.26966615       0.55230670 
      0.12691675      0.019642861     -0.057551584       0.10104606 
     -0.19203250      -0.14647092      -0.23169146     -0.060927239 
     -0.24509979      -0.18787022      -0.27496995     -0.088848532 
     -0.53637667      -0.35054043      -0.48233320      -0.23298088 
     -0.31977693      -0.33321420      -0.45677490      -0.22061856 
     -0.72385453      -0.27517083      -0.38925733      -0.16344874 
     -0.87693903      -0.46318325      -0.61932994      -0.31740443 
     -0.65688299      -0.43970508      -0.58280341      -0.29526282 
     -0.44096631      -0.36956004      -0.49523765      -0.23931122 
     -0.23103378      -0.20229931      -0.29288918      -0.10406008 
    -0.028630001      0.024485365     -0.054887168       0.10437300 
      0.16486937       0.13445588      0.053971888       0.22728287 
     -0.27686882      -0.23459460      -0.33259391      -0.13338212 
     -0.85525624      -0.47357663      -0.62886030      -0.31898233 
     -0.69650692      -0.55482131      -0.73922842      -0.37597466 
      

    -0.028885338      -0.55714130      -0.93036162      -0.18272051 
     -0.20381133      -0.11370592      -0.42538682       0.17785987 
      0.22711954       0.26448041     -0.051266831       0.57003826 
     -0.17617987      -0.28182912      -0.59334326      0.034168751 
     -0.38131638      -0.27194012      -0.59379298      0.052396849 
    -0.027463130     -0.062628395      -0.37131778       0.24541867 
     -0.53484284       0.10389876      -0.20350497       0.42709543 
     -0.40214927     -0.061565499      -0.37072886       0.27806912 
     -0.36546335      0.057030606      -0.27135801       0.38616562 
    -0.089930798       0.31436599     -0.044181123       0.63893341 
     -0.29446317       0.27509484     -0.067321769       0.58899860 
      0.91592980       0.34391842     -0.036149258       0.71912347 
      0.39882203       0.36216193      0.032309851       0.68618453 
      0.10833425       0.31421233    -0.0014001707       0.65842987 
      0.83194227       0.88773881       0.45690839        1.2843273 
     -0.68316950      -0.39326474      -0.74978743     -0.037945992 
     0.087522899       0.14863600      -0.18099150       0.45975680 
    -0.076426230      0.046463153      -0.26186080       0.38073300 
      0.10709655       0.17406245      -0.14773802       0.48133990 
     -0.64369412      -0.69715149       -1.0612175      -0.34000692 
    -0.092346085      -0.29760343      -0.62016076      0.023116660 
     -0.33681171      -0.38001679      -0.71263914     -0.051626699 
     -0.76513178      -0.56397569      -0.94233128      -0.18673994 
     -0.36642740      -0.86036657       -1.2417727      -0.47296122 
    -0.075624421      -0.51628383      -0.85123439      -0.16690497 
      0.37832487      -0.14047151      -0.45142526       0.19228007 
      0.97812136       0.47269998       0.10558962       0.86525598 
       2.3496785       0.85212914       0.34757259        1.3376377 
     0.078857564      -0.21920824      -0.57527917       0.12910202 
       1.0772091       0.40472344      0.057116130       0.75566596 
      0.63646164       0.28462936     -0.050806686       0.64261589 
      0.88458050       0.20706837      -0.13360416       0.56208999 
      0.36633837      0.054575227      -0.28154563       0.39060202 
      0.80313071       0.45808843       0.10569474       0.79159975 
      0.68903567       0.58247726       0.22790372       0.93476536 
      0.62333148       0.33477797    -0.0047641548       0.68616082 
       1.0723865       0.77499649       0.38605956        1.1467150 
      0.97464321       0.77975191       0.39191225        1.1533184 
      0.93384182       0.94606914       0.56717622        1.3434729 
      0.27543349       0.50128894       0.17368266       0.85154511 
      0.52542856       0.71141950       0.33474647        1.0658135 
      0.24208907       0.53190800       0.18069752       0.89655106 
      0.40607647       0.78720576       0.40907441        1.1847633 
     -0.11796409       0.45359702       0.11839289       0.80152700 
     -0.16606523       0.15140997      -0.17493092       0.49957122 
      -1.0472715      -0.43446544      -0.76722124     -0.046615353 
     -0.85419087     -0.083759860      -0.41044637       0.28459725 
      -1.3130142      -0.65658558       -1.0406831      -0.25232943 
      -1.9090251       -1.0967882       -1.5532221      -0.56086913 
      -1.0898940      -0.66390492       -1.0309110      -0.23217280 
      -1.6636708      -0.81869889       -1.2516033      -0.38523345 
     -0.87056453      -0.59820540      -0.98074816      -0.25795004 
      -1.1232691      -0.78317142       -1.1808339      -0.39890634 
     -0.47439656      -0.49009179      -0.81587769      -0.10561919 
     -0.68975108      -0.57885690      -0.94746588      -0.19256462 
    -0.065821674      -0.51019640      -0.87104631      -0.14586596 
     0.088150686      -0.39181133      -0.72671716    -0.0065030310 
      0.45301009      -0.11122806      -0.46414421       0.24001404 
      0.57712866     -0.020388320      -0.36419712       0.34212023 
