
  0.35000 
  0.30460 
  0.28920 
  0.25480 
  0.22880 
  0.18940 
  0.16740 
  0.15880 
  0.16140 
  0.17800 
  0.21040 
  0.22280 
  0.25600 
  0.29380 
  0.34620 
  0.29680 
  0.27280 
  0.26360 
  0.26580 
  0.28720 
  0.33580 
  0.42200 
  0.55480 
  0.62580 
  0.75620 
  0.85440 
  0.95360 
  0.95820 
  0.96160 
  0.95440 
  0.99140 
  0.99860 
  0.99760 
  0.99640 
  0.99660 
  0.99360 
  0.88560 
  0.85380 
  0.76400 
  0.70700 
  0.68820 
  0.65780 
  0.66820 
  0.69420 
  0.75200 
  0.79480 
  0.82500 
  0.86200 
  0.65740 
  0.51200 
  0.42600 
  0.38600 
  0.37220 
  0.39120 
  0.35880 
  0.34900 
  0.31240 
  0.31340 
  0.29520 
  0.29720 
  0.28860 
  0.28500 
  0.28040 
  0.30300 
  0.35800 
  0.40280 
  0.49700 
  0.39160 
  0.33620 
  0.31980 
  0.31820 
